1633433987 0.34344 -2.74238 -0.01341 0.00463 -0.00820 -0.10653 0.99426
1633433988 0.26886 -3.08161 0.01043 0.00438 -0.01303 -0.11490 0.99328
1633433988 0.27205 -3.30734 0.01543 0.00351 -0.01397 -0.12289 0.99232
1633433989 0.24759 -3.52001 0.03128 0.00371 -0.01891 -0.13097 0.99120
1633433989 0.24636 -3.69942 0.03453 0.00335 -0.02069 -0.13918 0.99005
1633433989 0.20185 -3.97965 0.04545 0.00179 -0.01766 -0.14708 0.98897
1633433990 0.18200 -4.19045 0.05595 0.00026 -0.01668 -0.15505 0.98777
1633433990 0.12654 -4.45210 0.05937 0.00062 -0.01643 -0.16275 0.98653
1633433991 0.06808 -4.72310 0.06379 -0.00013 -0.01458 -0.17027 0.98529
1633433991 -0.00060 -5.02560 0.06726 0.00094 -0.01520 -0.17833 0.98385
1633433992 -0.09214 -5.36721 0.08163 0.00035 -0.01489 -0.18499 0.98263
1633433992 -0.23446 -5.84356 0.08781 0.00140 -0.01699 -0.19031 0.98158
1633433994 -0.41889 -6.29559 0.11251 0.00100 -0.02076 -0.19466 0.98065
1633433995 -0.68187 -6.96285 0.14244 0.00064 -0.02230 -0.19693 0.98016
1633433996 -1.02857 -7.81450 0.18643 -0.00145 -0.02093 -0.19699 0.98018
1633433997 -1.08760 -7.86294 0.21771 -0.00081 -0.02107 -0.19684 0.98021
1633433997 -1.02631 -7.85856 0.25182 -0.00436 -0.01930 -0.19765 0.98007
1633434011 -1.24686 -8.58434 0.11857 -0.01083 -0.01594 -0.20035 0.97953
1633434011 -1.39581 -8.96234 0.10528 -0.00950 -0.01482 -0.20533 0.97853
1633434012 -1.48411 -9.25668 0.15404 -0.00882 -0.01643 -0.21365 0.97673
1633434012 -1.62051 -9.64064 0.17211 -0.01143 -0.01612 -0.22019 0.97526
1633434013 -1.74760 -10.01998 0.19393 -0.00877 -0.01432 -0.22927 0.97322
1633434013 -1.86074 -10.34041 0.21246 -0.00824 -0.01588 -0.23788 0.97113
1633434013 -2.01250 -10.77116 0.22668 -0.00864 -0.01635 -0.24748 0.96872
1633434014 -2.17759 -11.19729 0.24122 -0.00728 -0.01491 -0.25912 0.96570
1633434014 -2.26187 -11.37527 0.24107 -0.00526 -0.01571 -0.26623 0.96377
1633434014 -2.38859 -11.66514 0.24527 -0.00395 -0.01653 -0.27571 0.96109
1633434014 -2.56621 -12.04083 0.25477 -0.00484 -0.01688 -0.28506 0.95835
1633434015 -2.73178 -12.36432 0.25274 -0.00381 -0.01635 -0.29359 0.95579
1633434015 -2.89836 -12.66594 0.25525 -0.00468 -0.01660 -0.30133 0.95336
1633434015 -3.06892 -12.98382 0.26293 -0.00536 -0.01764 -0.30877 0.95096
1633434016 -3.28752 -13.35499 0.29026 -0.00771 -0.01735 -0.31645 0.94842
1633434016 -3.53033 -13.74147 0.31398 -0.00847 -0.01668 -0.32384 0.94593
1633434016 -3.83244 -14.16494 0.31905 -0.01134 -0.01603 -0.33086 0.94348
1633434016 -4.16984 -14.64414 0.33936 -0.01213 -0.01611 -0.33657 0.94144
1633434017 -4.54898 -15.16632 0.37017 -0.01154 -0.01701 -0.34213 0.93943
1633434017 -4.96048 -15.70858 0.39733 -0.01218 -0.01992 -0.34697 0.93759
1633434017 -5.41007 -16.27815 0.42097 -0.01146 -0.01966 -0.35172 0.93583
1633434018 -5.89760 -16.86944 0.44687 -0.01076 -0.02189 -0.35539 0.93440
1633434018 -6.42925 -17.50964 0.46872 -0.00828 -0.02217 -0.35893 0.93306
1633434018 -6.95082 -18.14186 0.47809 -0.00617 -0.02497 -0.36233 0.93170
1633434019 -7.42899 -18.73648 0.47842 -0.00530 -0.02398 -0.36530 0.93057
1633434019 -7.89871 -19.29847 0.48019 -0.00712 -0.02405 -0.36777 0.92958
1633434019 -8.30919 -19.80236 0.48004 -0.00734 -0.02315 -0.37038 0.92856
1633434019 -8.71644 -20.28877 0.47942 -0.00996 -0.02374 -0.37312 0.92743
1633434020 -9.14384 -20.78762 0.48742 -0.01251 -0.02255 -0.37671 0.92597
1633434020 -9.56972 -21.27301 0.50117 -0.01229 -0.02350 -0.38011 0.92456
1633434020 -10.00144 -21.76794 0.52359 -0.01129 -0.02220 -0.38432 0.92287
1633434021 -10.45390 -22.26903 0.54007 -0.01019 -0.02109 -0.38912 0.92089
1633434021 -10.93966 -22.79967 0.55793 -0.00797 -0.01862 -0.39467 0.91860
1633434021 -11.45708 -23.32457 0.58110 -0.00627 -0.01738 -0.40071 0.91602
1633434022 -12.00694 -23.86517 0.60528 -0.00702 -0.01397 -0.40759 0.91303
1633434022 -12.41099 -24.26387 0.62360 -0.00821 -0.01244 -0.41209 0.91102
1633434022 -12.84443 -24.68337 0.64454 -0.00777 -0.01078 -0.41690 0.90886
1633434022 -13.32951 -25.14613 0.66554 -0.00742 -0.00929 -0.42173 0.90664
1633434022 -13.84850 -25.61599 0.68110 -0.00695 -0.00825 -0.42635 0.90449
1633434023 -14.38875 -26.11388 0.69691 -0.00671 -0.00681 -0.43088 0.90236
1633434023 -14.96593 -26.64587 0.71531 -0.00456 -0.00560 -0.43510 0.90035
1633434023 -15.81960 -27.39255 0.73397 -0.00050 -0.00406 -0.44073 0.89763
1633434023 -16.67695 -28.11960 0.74423 0.00178 -0.00283 -0.44599 0.89503
1633434024 -17.51246 -28.80440 0.74875 0.00300 -0.00205 -0.45048 0.89278
1633434024 -18.37157 -29.51236 0.74982 0.00407 -0.00083 -0.45440 0.89079
1633434024 -19.21702 -30.19998 0.74592 0.00598 0.00047 -0.45796 0.88895
1633434025 -20.08000 -30.90267 0.74149 0.00629 0.00220 -0.46151 0.88711
1633434025 -20.93721 -31.59372 0.73743 0.00662 0.00344 -0.46507 0.88524
1633434025 -21.80072 -32.27684 0.73404 0.00742 0.00379 -0.46864 0.88335
1633434025 -22.61789 -32.91751 0.72750 0.00685 0.00503 -0.47215 0.88148
1633434026 -23.45148 -33.55591 0.73016 0.00759 0.00587 -0.47572 0.87954
1633434026 -24.26612 -34.15507 0.74259 0.00941 0.00558 -0.47962 0.87741
1633434026 -25.10601 -34.76453 0.75672 0.00864 0.00667 -0.48392 0.87504
1633434027 -25.92921 -35.35819 0.76800 0.00851 0.00715 -0.48816 0.87268
1633434027 -26.76233 -35.93940 0.78064 0.01022 0.00655 -0.49243 0.87027
1633434027 -27.55574 -36.47786 0.79025 0.00977 0.00777 -0.49660 0.86789
1633434028 -28.35383 -37.01563 0.80095 0.00880 0.00877 -0.50020 0.86582
1633434028 -29.11352 -37.52723 0.81967 0.00826 0.00971 -0.50320 0.86408
1633434028 -29.84574 -38.02021 0.84326 0.00953 0.00957 -0.50525 0.86287
1633434028 -30.59289 -38.52126 0.85134 0.01008 0.00997 -0.50691 0.86188
1633434029 -31.42590 -39.08501 0.83959 0.01036 0.00952 -0.50811 0.86117
1633434029 -32.23771 -39.64597 0.84702 0.00988 0.00962 -0.50862 0.86088
1633434029 -33.08996 -40.23824 0.83862 0.01113 0.00725 -0.50813 0.86118
1633434030 -33.98572 -40.86721 0.82069 0.01195 0.00592 -0.50768 0.86144
1633434030 -34.89951 -41.52296 0.81043 0.01157 0.00565 -0.50688 0.86192
1633434030 -35.84238 -42.19807 0.80156 0.01092 0.00494 -0.50590 0.86251
1633434031 -36.87958 -42.93021 0.79002 0.01022 0.00377 -0.50476 0.86319
1633434031 -37.99786 -43.71059 0.77215 0.00923 0.00282 -0.50340 0.86400
1633434031 -39.18106 -44.53468 0.76165 0.00918 0.00225 -0.50195 0.86484
1633434031 -40.43624 -45.39494 0.74860 0.00890 0.00111 -0.50063 0.86562
1633434032 -41.76228 -46.28382 0.73576 0.00817 -0.00044 -0.49940 0.86633
1633434032 -43.11307 -47.17033 0.72060 0.00868 -0.00224 -0.49806 0.86710
1633434032 -44.51519 -48.07249 0.69992 0.01010 -0.00355 -0.49678 0.86781
1633434033 -45.92316 -48.96234 0.67564 0.01054 -0.00448 -0.49545 0.86856
1633434033 -47.33721 -49.85971 0.65052 0.01058 -0.00582 -0.49395 0.86941
1633434033 -48.68978 -50.73006 0.62484 0.01117 -0.00713 -0.49271 0.87009
1633434034 -50.02998 -51.61507 0.60434 0.01118 -0.00751 -0.49156 0.87074
1633434034 -51.33225 -52.47488 0.58326 0.01085 -0.00799 -0.49051 0.87133
1633434034 -52.64047 -53.32779 0.55828 0.01067 -0.00868 -0.48976 0.87175
1633434034 -53.90850 -54.16255 0.53600 0.01020 -0.00913 -0.48919 0.87207
1633434035 -55.14781 -54.99315 0.51642 0.00983 -0.00955 -0.48878 0.87230
1633434035 -56.38186 -55.81362 0.49711 0.00911 -0.00957 -0.48862 0.87240
1633434035 -57.61441 -56.64368 0.48029 0.00864 -0.00957 -0.48847 0.87249
1633434036 -58.81667 -57.46129 0.46664 0.00802 -0.00952 -0.48841 0.87253
1633434036 -60.01805 -58.28105 0.45422 0.00812 -0.00971 -0.48852 0.87246
1633434036 -61.22202 -59.10104 0.44288 0.00816 -0.00953 -0.48882 0.87230
1633434037 -62.43962 -59.92884 0.42990 0.00859 -0.00938 -0.48913 0.87212
1633434037 -63.63796 -60.74324 0.41634 0.00906 -0.00916 -0.48939 0.87197
1633434037 -64.87394 -61.57216 0.39728 0.00942 -0.00909 -0.48981 0.87173
1633434037 -66.09076 -62.38640 0.37741 0.00953 -0.00881 -0.49003 0.87161
1633434038 -67.73528 -63.47200 0.34699 0.01000 -0.00861 -0.49022 0.87150
1633434038 -68.99561 -64.30368 0.32490 0.00913 -0.00812 -0.49025 0.87150
1633434038 -70.23839 -65.12998 0.30686 0.00801 -0.00767 -0.49030 0.87148
1633434039 -71.50646 -65.97042 0.29063 0.00750 -0.00779 -0.49046 0.87139
1633434039 -72.77010 -66.81004 0.27698 0.00731 -0.00794 -0.49065 0.87129
1633434039 -74.49753 -67.93513 0.25209 0.00746 -0.00855 -0.49097 0.87111
1633434040 -76.22914 -69.06834 0.22723 0.00760 -0.00853 -0.49128 0.87093
1633434040 -77.97429 -70.21240 0.19998 0.00780 -0.00840 -0.49123 0.87095
1633434041 -79.72279 -71.36073 0.17577 0.00785 -0.00838 -0.49073 0.87124
1633434041 -81.50508 -72.52804 0.14863 0.00754 -0.00837 -0.49019 0.87154
1633434041 -83.27645 -73.71057 0.12801 0.00726 -0.00885 -0.48976 0.87178
1633434042 -85.49663 -75.19592 0.10045 0.00674 -0.00907 -0.48952 0.87192
1633434042 -87.22581 -76.40561 0.07736 0.00730 -0.00869 -0.48953 0.87192
1633434043 -88.82556 -77.56919 0.06349 0.00719 -0.00748 -0.48925 0.87208
1633434043 -90.45744 -78.70173 0.04460 0.00809 -0.00721 -0.48882 0.87232
1633434044 -92.09857 -79.84690 0.02588 0.00852 -0.00697 -0.48834 0.87259
1633434044 -93.67074 -80.96365 0.00476 0.00831 -0.00718 -0.48805 0.87275
1633434044 -95.24352 -82.07657 -0.01701 0.00863 -0.00762 -0.48785 0.87285
1633434045 -97.30286 -83.49533 -0.04903 0.00818 -0.00714 -0.48750 0.87306
1633434045 -98.97853 -84.66379 -0.07615 0.00889 -0.00746 -0.48726 0.87318
1633434046 -101.14818 -86.14662 -0.10992 0.00788 -0.00751 -0.48691 0.87338
1633434046 -104.16798 -88.21613 -0.15634 0.00788 -0.00830 -0.48660 0.87355
1633434047 -106.32405 -89.71165 -0.18337 0.00824 -0.00903 -0.48669 0.87349
1633434047 -108.42301 -91.16355 -0.22711 0.00832 -0.00928 -0.48652 0.87358
1633434048 -110.15596 -92.36137 -0.24241 0.00730 -0.00926 -0.48623 0.87375
1633434048 -111.84522 -93.53799 -0.25819 0.00656 -0.00990 -0.48609 0.87383
1633434049 -113.40439 -94.64686 -0.27415 0.00736 -0.01123 -0.48664 0.87350
1633434049 -115.41141 -96.04027 -0.30383 0.00778 -0.01110 -0.48745 0.87304
1633434050 -117.21851 -97.31773 -0.32269 0.00891 -0.00974 -0.48817 0.87265
1633434050 -119.22904 -98.69557 -0.35164 0.00998 -0.00982 -0.48920 0.87206
1633434051 -120.90778 -99.82634 -0.38398 0.01022 -0.00928 -0.48984 0.87170
1633434051 -123.42164 -101.50043 -0.42505 0.01050 -0.00860 -0.49057 0.87130
1633434052 -125.43614 -102.88900 -0.46219 0.01020 -0.00931 -0.49066 0.87124
1633434052 -127.44991 -104.28347 -0.50277 0.01006 -0.00945 -0.49073 0.87120
1633434053 -129.49154 -105.66341 -0.55327 0.01082 -0.01027 -0.49068 0.87121
1633434053 -131.52990 -107.04415 -0.60828 0.01087 -0.01067 -0.49074 0.87118
1633434054 -133.23229 -108.19292 -0.63338 0.00980 -0.01051 -0.49076 0.87118
1633434054 -135.29432 -109.59330 -0.68597 0.01045 -0.01060 -0.49084 0.87112
1633434054 -136.91443 -110.71849 -0.71293 0.01081 -0.01072 -0.49109 0.87098
1633434055 -138.30218 -111.70432 -0.73807 0.01100 -0.01043 -0.49143 0.87078
1633434055 -139.73374 -112.69669 -0.76906 0.01115 -0.00958 -0.49181 0.87058
1633434056 -141.23768 -113.72379 -0.80028 0.01150 -0.00889 -0.49227 0.87032
1633434056 -142.39432 -114.52482 -0.82642 0.01136 -0.00839 -0.49286 0.86999
1633434056 -143.98178 -115.60244 -0.86413 0.01153 -0.00831 -0.49424 0.86921
1633434057 -145.59511 -116.68981 -0.89880 0.01140 -0.00793 -0.49593 0.86825
1633434057 -147.17767 -117.74794 -0.92931 0.01214 -0.00784 -0.49836 0.86685
1633434057 -148.42261 -118.55269 -0.96894 0.01272 -0.00746 -0.50030 0.86573
1633434058 -150.03325 -119.59516 -1.00487 0.01423 -0.00699 -0.50278 0.86427
1633434058 -151.23423 -120.36757 -1.04161 0.01637 -0.00684 -0.50543 0.86268
1633434058 -152.41331 -121.11919 -1.07983 0.01731 -0.00569 -0.50852 0.86086
1633434059 -154.03317 -122.11353 -1.12914 0.01549 -0.00365 -0.51358 0.85789
1633434059 -154.87524 -122.63800 -1.15613 0.01328 -0.00160 -0.51669 0.85607
1633434059 -155.73077 -123.14721 -1.16842 0.01318 -0.00042 -0.51971 0.85424
1633434060 -157.00316 -123.88055 -1.19265 0.01445 0.00040 -0.52512 0.85091
1633434060 -157.81571 -124.32225 -1.20442 0.01555 -0.00023 -0.52874 0.84864
1633434060 -159.00253 -124.97259 -1.23046 0.01703 -0.00064 -0.53328 0.84577
1633434060 -160.60142 -125.79739 -1.27312 0.01770 -0.00076 -0.53964 0.84171
1633434061 -161.81889 -126.41073 -1.30359 0.01564 -0.00036 -0.54454 0.83859
1633434061 -163.42297 -127.18604 -1.34163 0.01518 -0.00230 -0.55116 0.83426
1633434062 -164.64044 -127.74184 -1.36459 0.01414 -0.00341 -0.55629 0.83086
1633434062 -166.25749 -128.45919 -1.40111 0.01512 -0.00527 -0.56249 0.82665
1633434062 -167.50103 -129.02309 -1.44074 0.01857 -0.00689 -0.56789 0.82286
1633434063 -168.77996 -129.56743 -1.48831 0.02033 -0.00940 -0.57403 0.81853
1633434063 -170.12340 -130.12982 -1.53857 0.01983 -0.01068 -0.58034 0.81406
1633434063 -171.44988 -130.67153 -1.58836 0.01766 -0.01145 -0.58597 0.81006
1633434063 -172.83123 -131.20103 -1.63655 0.01607 -0.01015 -0.59171 0.80593
1633434064 -173.75045 -131.56906 -1.66593 0.01568 -0.00947 -0.59538 0.80324
1633434064 -175.14339 -132.07956 -1.70985 0.01615 -0.00904 -0.60133 0.79879
1633434064 -176.58169 -132.56698 -1.74293 0.01581 -0.00978 -0.60712 0.79439
1633434064 -177.98132 -133.01444 -1.78364 0.01438 -0.01019 -0.61300 0.78988
1633434065 -179.40248 -133.44168 -1.82450 0.01343 -0.01064 -0.61877 0.78539
1633434065 -180.81074 -133.84506 -1.85777 0.01442 -0.01130 -0.62433 0.78095
1633434065 -182.19311 -134.22433 -1.88613 0.01525 -0.01178 -0.62989 0.77645
1633434066 -183.55275 -134.58254 -1.91169 0.01365 -0.01069 -0.63555 0.77187
1633434066 -184.94002 -134.93314 -1.94071 0.01093 -0.00980 -0.64114 0.76728
1633434066 -186.35227 -135.27315 -1.96914 0.01074 -0.00977 -0.64650 0.76278
1633434067 -187.78592 -135.57530 -1.99679 0.01174 -0.01067 -0.65127 0.75868
1633434067 -189.19687 -135.85989 -2.02522 0.01217 -0.01043 -0.65595 0.75463
1633434067 -190.63693 -136.13589 -2.05335 0.01376 -0.01130 -0.66020 0.75088
1633434067 -192.10459 -136.38866 -2.08818 0.01563 -0.01293 -0.66408 0.74739
1633434068 -194.06862 -136.70705 -2.13867 0.01478 -0.01383 -0.66950 0.74253
1633434068 -195.58022 -136.91978 -2.17921 0.01360 -0.01430 -0.67402 0.73845
1633434069 -197.07592 -137.10123 -2.21303 0.01313 -0.01465 -0.67806 0.73474
1633434069 -199.09663 -137.35914 -2.25335 0.01214 -0.01393 -0.68033 0.73267
1633434069 -201.11526 -137.62825 -2.29633 0.00829 -0.01059 -0.67592 0.73685
1633434070 -203.15309 -137.92928 -2.33282 0.01239 -0.01020 -0.67567 0.73703
1633434070 -204.69150 -138.12829 -2.36419 0.01210 -0.01215 -0.67686 0.73591
1633434070 -206.71222 -138.39273 -2.41215 0.01037 -0.01147 -0.68041 0.73267
1633434071 -208.77352 -138.63589 -2.46000 0.01187 -0.01000 -0.68477 0.72859
1633434071 -210.32258 -138.78824 -2.48281 0.01331 -0.00999 -0.68904 0.72453
1633434071 -211.86026 -138.92831 -2.52225 0.01341 -0.00921 -0.69377 0.72001
1633434072 -213.36936 -139.05362 -2.55305 0.01120 -0.00711 -0.69922 0.71479
1633434072 -214.76326 -139.17183 -2.56857 0.00991 -0.00531 -0.70539 0.70873
1633434072 -215.68299 -139.25219 -2.57774 0.01021 -0.00491 -0.70989 0.70423
1633434072 -216.68070 -139.28424 -2.59808 0.00993 -0.00539 -0.71421 0.69984
1633434073 -217.70364 -139.30354 -2.60422 0.01051 -0.00600 -0.71879 0.69512
1633434073 -218.64655 -139.31593 -2.61337 0.01154 -0.00652 -0.72336 0.69035
1633434073 -219.60883 -139.31586 -2.63520 0.01241 -0.00718 -0.72801 0.68541
1633434073 -221.03584 -139.29084 -2.66312 0.01442 -0.00786 -0.73486 0.67803
1633434074 -222.44502 -139.25001 -2.68861 0.01708 -0.00859 -0.74179 0.67036
1633434074 -223.86846 -139.17869 -2.71668 0.01836 -0.00869 -0.74901 0.66224
1633434074 -225.29087 -139.06384 -2.75134 0.01734 -0.00765 -0.75671 0.65348
1633434074 -226.21377 -138.96489 -2.78510 0.01634 -0.00706 -0.76186 0.64749
1633434075 -227.52518 -138.79689 -2.81952 0.01489 -0.00777 -0.76849 0.63964
1633434075 -228.77721 -138.60391 -2.85191 0.01355 -0.00773 -0.77483 0.63198
1633434075 -229.93139 -138.39180 -2.87970 0.01267 -0.00568 -0.78046 0.62505
1633434076 -230.90761 -138.17111 -2.88618 0.01140 -0.00130 -0.78538 0.61890
1633434076 -231.91154 -137.94679 -2.89476 0.01229 -0.00061 -0.79025 0.61266
1633434076 -232.95687 -137.69096 -2.89203 0.01399 -0.00269 -0.79529 0.60606
1633434076 -233.66390 -137.51170 -2.87935 0.01392 -0.00440 -0.79888 0.60131
1633434077 -234.74826 -137.22638 -2.87635 0.01291 -0.00553 -0.80378 0.59476
1633434077 -235.72445 -136.94823 -2.86400 0.01099 -0.00574 -0.80833 0.58860
1633434077 -236.73863 -136.62785 -2.84847 0.01046 -0.00675 -0.81283 0.58236
1633434078 -237.77511 -136.30407 -2.83851 0.01002 -0.00609 -0.81710 0.57638
1633434078 -238.90314 -135.96636 -2.84964 0.01007 -0.00509 -0.82126 0.57045
1633434078 -240.09940 -135.58678 -2.85666 0.00973 -0.00449 -0.82504 0.56497
1633434079 -241.34771 -135.17094 -2.87585 0.00879 -0.00507 -0.82883 0.55941
1633434079 -242.62780 -134.72695 -2.89750 0.00842 -0.00562 -0.83251 0.55392
1633434079 -243.91162 -134.25196 -2.92439 0.00782 -0.00564 -0.83605 0.54857
1633434079 -245.21757 -133.73298 -2.92387 0.00704 -0.00416 -0.83945 0.54337
1633434080 -246.55585 -133.18613 -2.92459 0.00610 -0.00391 -0.84282 0.53815
1633434080 -247.91638 -132.61380 -2.93893 0.00687 -0.00603 -0.84627 0.53268
1633434080 -249.28156 -132.01254 -2.94742 0.00660 -0.00784 -0.84950 0.52750
1633434081 -250.66087 -131.39597 -2.96272 0.00503 -0.00708 -0.85267 0.52238
1633434081 -252.05034 -130.78045 -2.98385 0.00436 -0.00669 -0.85604 0.51685
1633434081 -252.99029 -130.35660 -2.99937 0.00483 -0.00706 -0.85839 0.51292
1633434081 -253.90935 -129.93589 -3.01788 0.00495 -0.00833 -0.86058 0.50922
1633434082 -254.83409 -129.50733 -3.03773 0.00519 -0.00899 -0.86245 0.50604
1633434082 -256.23169 -128.82925 -3.06467 0.00440 -0.00907 -0.86547 0.50087
1633434082 -257.66234 -128.09143 -3.09221 -0.00523 0.00816 0.86847 -0.49564
1633434082 -259.10886 -127.33028 -3.12106 -0.00520 0.00849 0.87142 -0.49043
1633434083 -260.57969 -126.52380 -3.14241 -0.00395 0.00835 0.87440 -0.48512
1633434083 -262.06593 -125.68022 -3.15607 -0.00328 0.00883 0.87740 -0.47967
1633434083 -263.06683 -125.08263 -3.16530 -0.00267 0.00980 0.87948 -0.47582
1633434083 -264.06779 -124.48714 -3.18375 -0.00255 0.01022 0.88155 -0.47197
1633434084 -265.05620 -123.89670 -3.20593 -0.00242 0.01038 0.88365 -0.46803
1633434084 -266.01193 -123.32263 -3.22532 -0.00178 0.01074 0.88563 -0.46426
1633434084 -266.98712 -122.71626 -3.23373 -0.00219 0.01039 0.88768 -0.46033
1633434084 -267.96508 -122.10277 -3.25569 -0.00108 0.01012 0.88975 -0.45633
1633434084 -268.94558 -121.47978 -3.27032 -0.00161 0.00983 0.89182 -0.45229
1633434085 -269.94862 -120.82776 -3.28530 -0.00157 0.00991 0.89394 -0.44808
1633434085 -270.94808 -120.15889 -3.30077 -0.00117 0.00987 0.89576 -0.44442
1633434085 -271.94484 -119.48385 -3.31914 -0.00130 0.00918 0.89763 -0.44065
1633434085 -272.94877 -118.79003 -3.33400 -0.00061 0.00908 0.89932 -0.43719
1633434085 -273.93710 -118.10402 -3.34697 -0.00171 0.00895 0.90100 -0.43372
1633434086 -275.41878 -117.04433 -3.36951 -0.00169 0.01006 0.90337 -0.42875
1633434086 -276.89285 -115.96382 -3.39169 -0.00230 0.00956 0.90565 -0.42392
1633434086 -278.36745 -114.86809 -3.41289 -0.00201 0.00898 0.90766 -0.41960
1633434087 -279.83612 -113.74263 -3.43471 -0.00215 0.00964 0.90976 -0.41501
1633434087 -281.29996 -112.59784 -3.46069 -0.00238 0.00974 0.91147 -0.41125
1633434087 -282.75813 -111.44758 -3.48476 -0.00255 0.00921 0.91293 -0.40800
1633434088 -284.21172 -110.27823 -3.50256 -0.00174 0.00841 0.91424 -0.40508
1633434088 -285.65891 -109.10200 -3.52085 -0.00290 0.00944 0.91535 -0.40255
1633434088 -287.10051 -107.91732 -3.55061 -0.00357 0.00980 0.91647 -0.39996
1633434088 -288.52684 -106.70730 -3.56761 -0.00277 0.00950 0.91753 -0.39754
1633434089 -289.95470 -105.51175 -3.58528 -0.00248 0.00915 0.91836 -0.39563
1633434089 -291.37951 -104.27866 -3.60569 -0.00291 0.00857 0.91928 -0.39349
1633434089 -292.80280 -103.05632 -3.62866 -0.00279 0.00797 0.92017 -0.39142
1633434090 -294.21929 -101.83524 -3.64345 -0.00308 0.00842 0.92094 -0.38960
1633434090 -295.63010 -100.60746 -3.65880 -0.00375 0.00994 0.92168 -0.38779
1633434090 -297.03289 -99.36678 -3.68220 -0.00407 0.01109 0.92237 -0.38612
1633434091 -298.44889 -98.11605 -3.71706 -0.00436 0.00989 0.92289 -0.38492
1633434091 -299.86684 -96.83219 -3.74013 -0.00411 0.00944 0.92329 -0.38397
1633434091 -301.27975 -95.57283 -3.76194 -0.00326 0.00866 0.92366 -0.38311
1633434091 -302.70423 -94.28962 -3.78389 -0.00312 0.00816 0.92410 -0.38204
1633434092 -304.13472 -92.99835 -3.80466 -0.00284 0.00944 0.92453 -0.38099
1633434092 -305.54966 -91.71028 -3.82825 -0.00190 0.00987 0.92495 -0.37995
1633434092 -306.96633 -90.41220 -3.85796 -0.00263 0.01010 0.92531 -0.37906
1633434093 -308.37253 -89.13396 -3.88877 -0.00272 0.00884 0.92557 -0.37846
1633434093 -309.76553 -87.88231 -3.90684 -0.00230 0.00758 0.92586 -0.37778
1633434093 -311.14981 -86.63169 -3.91769 -0.00254 0.00699 0.92618 -0.37700
1633434094 -312.52636 -85.39230 -3.92712 -0.00194 0.00609 0.92641 -0.37645
1633434094 -313.89039 -84.15138 -3.93302 -0.00226 0.00761 0.92664 -0.37586
1633434094 -315.24305 -82.91295 -3.95172 -0.00364 0.00861 0.92694 -0.37510
1633434094 -316.58351 -81.68194 -3.97776 -0.00368 0.00889 0.92714 -0.37458
1633434095 -317.91021 -80.45614 -3.99815 -0.00383 0.00957 0.92737 -0.37400
1633434095 -319.21963 -79.25800 -4.02413 -0.00380 0.00768 0.92770 -0.37323
1633434095 -320.50704 -78.06771 -4.03368 -0.00296 0.00697 0.92807 -0.37232
1633434096 -321.77464 -76.89232 -4.04256 -0.00258 0.00589 0.92869 -0.37080
1633434096 -323.01144 -75.73636 -4.04880 -0.00259 0.00529 0.92935 -0.36915
1633434096 -324.20301 -74.61216 -4.05675 -0.00220 0.00565 0.93007 -0.36732
1633434097 -325.34485 -73.53123 -4.06524 -0.00219 0.00449 0.93092 -0.36520
1633434097 -326.44399 -72.46764 -4.06123 -0.00191 0.00472 0.93211 -0.36213
1633434097 -327.51427 -71.42294 -4.05795 -0.00277 0.00565 0.93344 -0.35868
1633434097 -328.55587 -70.40548 -4.05726 -0.00239 0.00574 0.93481 -0.35508
1633434098 -329.57378 -69.38567 -4.05686 -0.00170 0.00480 0.93641 -0.35087
1633434098 -330.55314 -68.37420 -4.06366 -0.00198 0.00458 0.93807 -0.34640
1633434098 -331.50748 -67.38198 -4.06204 -0.00163 0.00396 0.93980 -0.34170
1633434099 -332.43450 -66.39441 -4.06629 -0.00232 0.00301 0.94175 -0.33630
1633434099 -333.33184 -65.40998 -4.05298 -0.00200 0.00297 0.94386 -0.33032
1633434099 -334.20002 -64.42847 -4.03898 -0.00221 0.00264 0.94614 -0.32374
1633434100 -335.33888 -63.08688 -4.03866 -0.00207 0.00254 0.94932 -0.31430
1633434100 -336.19242 -62.05163 -4.03869 -0.00262 0.00239 0.95180 -0.30669
1633434100 -337.04431 -61.00065 -4.03210 -0.00293 0.00315 0.95430 -0.29880
1633434101 -337.87793 -59.92528 -4.02465 -0.00367 0.00355 0.95692 -0.29032
1633434101 -338.68846 -58.83300 -4.02141 -0.00328 0.00361 0.95950 -0.28167
1633434101 -339.49398 -57.71223 -4.01821 -0.00396 0.00356 0.96209 -0.27268
1633434101 -340.03289 -56.93920 -4.02089 -0.00447 0.00347 0.96384 -0.26641
1633434102 -340.56865 -56.14279 -4.03312 -0.00436 0.00389 0.96558 -0.26004
1633434102 -341.09267 -55.33180 -4.04199 -0.00515 0.00388 0.96745 -0.25296
1633434102 -341.57514 -54.55753 -4.05278 -0.00496 0.00353 0.96918 -0.24626
1633434102 -342.04283 -53.78932 -4.06806 -0.00445 0.00362 0.97103 -0.23889
1633434102 -342.49163 -53.02117 -4.07978 -0.00494 0.00397 0.97285 -0.23133
1633434103 -342.92105 -52.24486 -4.08221 -0.00478 0.00476 0.97463 -0.22371
1633434103 -343.33589 -51.47495 -4.08824 -0.00421 0.00480 0.97640 -0.21587
1633434103 -343.73880 -50.69031 -4.09325 -0.00415 0.00511 0.97812 -0.20791
1633434103 -344.13148 -49.89931 -4.09828 -0.00418 0.00495 0.97984 -0.19969
1633434103 -344.50851 -49.10092 -4.10322 -0.00384 0.00487 0.98147 -0.19152
1633434104 -344.86563 -48.29215 -4.10599 -0.00301 0.00492 0.98305 -0.18323
1633434104 -345.21026 -47.48922 -4.10510 -0.00291 0.00450 0.98457 -0.17491
1633434104 -345.53752 -46.67646 -4.10375 -0.00260 0.00432 0.98605 -0.16636
1633434104 -345.84789 -45.87172 -4.10749 -0.00172 0.00460 0.98744 -0.15791
1633434104 -346.14407 -45.06653 -4.11182 -0.00170 0.00510 0.98877 -0.14932
1633434105 -346.41884 -44.25835 -4.10708 -0.00149 0.00509 0.99007 -0.14047
1633434105 -346.67691 -43.45573 -4.10365 -0.00078 0.00524 0.99125 -0.13187
1633434105 -346.91718 -42.65505 -4.10219 -0.00020 0.00549 0.99239 -0.12304
1633434105 -347.14385 -41.85817 -4.10488 -0.00002 0.00559 0.99341 -0.11451
1633434105 -347.35194 -41.05606 -4.10478 0.00059 0.00592 0.99438 -0.10567
1633434106 -347.54122 -40.25494 -4.10205 0.00150 0.00634 0.99529 -0.09677
1633434106 -347.71893 -39.45694 -4.10578 0.00185 0.00643 0.99610 -0.08800
1633434106 -347.88540 -38.66341 -4.11059 0.00188 0.00637 0.99683 -0.07930
1633434106 -348.03910 -37.86969 -4.11886 0.00264 0.00651 0.99748 -0.07067
1633434106 -348.17811 -37.07342 -4.12373 0.00321 0.00628 0.99808 -0.06153
1633434107 -348.30198 -36.27393 -4.12720 0.00332 0.00553 0.99861 -0.05227
1633434107 -348.40582 -35.46860 -4.12917 0.00354 0.00530 0.99906 -0.04292
1633434107 -348.49495 -34.66750 -4.13110 0.00447 0.00532 0.99942 -0.03342
1633434107 -348.56834 -33.86715 -4.13247 0.00502 0.00568 0.99968 -0.02403
1633434107 -348.62636 -33.07859 -4.13330 0.00502 0.00589 0.99986 -0.01451
1633434108 -348.66725 -32.28686 -4.13139 0.00520 0.00610 0.99996 -0.00491
1633434108 -348.69337 -31.49684 -4.13089 0.00592 0.00597 0.99995 0.00477
1633434108 -348.70308 -30.71172 -4.13112 0.00639 0.00555 0.99986 0.01426
1633434108 -348.69398 -29.92181 -4.12798 0.00679 0.00533 0.99968 0.02379
1633434108 -348.67193 -29.13394 -4.12446 0.00700 0.00478 0.99940 0.03344
1633434109 -348.63363 -28.34081 -4.12316 0.00796 0.00458 0.99904 0.04283
1633434109 -348.58085 -27.55433 -4.12215 0.00841 0.00457 0.99859 0.05219
1633434109 -348.51243 -26.76216 -4.12044 0.00850 0.00466 0.99806 0.06156
1633434109 -348.43052 -25.96759 -4.11736 0.00888 0.00480 0.99744 0.07080
1633434109 -348.33371 -25.17833 -4.11599 0.00945 0.00441 0.99676 0.07970
1633434110 -348.22237 -24.38238 -4.11236 0.00945 0.00391 0.99603 0.08843
1633434110 -348.09426 -23.57813 -4.10839 0.00931 0.00375 0.99523 0.09701
1633434110 -347.95212 -22.78376 -4.10913 0.00969 0.00367 0.99439 0.10530
1633434110 -347.80148 -21.99263 -4.10692 0.01020 0.00374 0.99350 0.11328
1633434110 -347.63273 -21.20527 -4.10804 0.01033 0.00371 0.99256 0.12123
1633434111 -347.45038 -20.41583 -4.11056 0.01032 0.00394 0.99157 0.12909
1633434111 -347.25762 -19.62909 -4.11256 0.01040 0.00322 0.99055 0.13671
1633434111 -347.05540 -18.84495 -4.11403 0.01012 0.00263 0.98950 0.14414
1633434111 -346.84084 -18.05567 -4.11357 0.00969 0.00242 0.98844 0.15131
1633434111 -346.61090 -17.26328 -4.11252 0.00956 0.00251 0.98740 0.15793
1633434112 -346.24760 -16.08010 -4.11269 0.00972 0.00250 0.98564 0.16858
1633434112 -345.84912 -14.88068 -4.11183 0.00917 0.00264 0.98385 0.17876
1633434112 -345.56984 -14.08013 -4.11334 0.00870 0.00267 0.98257 0.18566
1633434112 -345.13243 -12.88832 -4.11539 0.00854 0.00267 0.98069 0.19538
1633434113 -344.82447 -12.08203 -4.11560 0.00845 0.00258 0.97931 0.20216
1633434113 -344.51231 -11.28023 -4.11033 0.00752 0.00252 0.97794 0.20875
1633434113 -344.18376 -10.47557 -4.11039 0.00783 0.00192 0.97649 0.21543
1633434113 -343.84817 -9.67990 -4.11238 0.00756 0.00171 0.97499 0.22210
1633434113 -343.50763 -8.90050 -4.11542 0.00690 0.00177 0.97349 0.22860
1633434114 -343.13128 -8.09047 -4.11352 0.00658 0.00202 0.97187 0.23543
1633434114 -342.74912 -7.28547 -4.11656 0.00686 0.00212 0.97030 0.24179
1633434114 -342.35039 -6.47368 -4.11735 0.00630 0.00196 0.96865 0.24836
1633434114 -341.93561 -5.65634 -4.11944 0.00582 0.00203 0.96692 0.25501
1633434114 -341.50557 -4.83992 -4.12142 0.00571 0.00176 0.96514 0.26167
1633434115 -341.06545 -4.02472 -4.12321 0.00530 0.00162 0.96332 0.26828
1633434115 -340.60856 -3.20616 -4.12432 0.00478 0.00207 0.96143 0.27501
1633434115 -340.13006 -2.38598 -4.12583 0.00492 0.00245 0.95946 0.28178
1633434115 -339.64889 -1.57101 -4.12762 0.00500 0.00301 0.95746 0.28849
1633434115 -339.15158 -0.75788 -4.13342 0.00459 0.00318 0.95545 0.29511
1633434116 -338.64378 0.04960 -4.13935 0.00438 0.00300 0.95333 0.30187
1633434116 -338.11638 0.86286 -4.14296 0.00447 0.00309 0.95112 0.30876
1633434116 -337.57357 1.67291 -4.14756 0.00447 0.00359 0.94882 0.31575
1633434116 -337.01068 2.48301 -4.15156 0.00411 0.00410 0.94643 0.32285
1633434116 -336.43450 3.28506 -4.15511 0.00439 0.00437 0.94408 0.32967
1633434117 -335.84649 4.08185 -4.16273 0.00431 0.00446 0.94164 0.33655
1633434117 -335.25055 4.86441 -4.17055 0.00356 0.00424 0.93915 0.34346
1633434117 -334.64566 5.64001 -4.17734 0.00365 0.00409 0.93672 0.35005
1633434117 -334.03477 6.40902 -4.18056 0.00331 0.00429 0.93428 0.35651
1633434117 -333.41063 7.16295 -4.18140 0.00270 0.00447 0.93179 0.36297
1633434118 -332.77575 7.90492 -4.18561 0.00298 0.00478 0.92928 0.36933
1633434118 -332.13814 8.62894 -4.19140 0.00270 0.00530 0.92681 0.37549
1633434118 -331.49593 9.33765 -4.19398 0.00227 0.00594 0.92427 0.38168
1633434118 -330.84869 10.03367 -4.19610 0.00259 0.00572 0.92192 0.38732
1633434118 -330.19467 10.71833 -4.19719 0.00223 0.00565 0.91968 0.39261
1633434119 -329.54048 11.39151 -4.19641 0.00122 0.00533 0.91740 0.39792
1633434119 -328.87872 12.05120 -4.19685 0.00063 0.00480 0.91516 0.40307
1633434119 -328.21618 12.70207 -4.19833 0.00039 0.00442 0.91315 0.40760
1633434119 -327.55118 13.34372 -4.19533 -0.00048 0.00508 0.91094 0.41251
1633434119 -326.88021 13.97450 -4.19409 -0.00111 0.00476 0.90879 0.41723
1633434120 -326.20321 14.59670 -4.19066 -0.00125 0.00444 0.90680 0.42153
1633434120 -325.53223 15.20762 -4.18802 -0.00212 0.00462 0.90476 0.42589
1633434120 -324.85685 15.81429 -4.18159 -0.00276 0.00441 0.90277 0.43010
1633434120 -324.17725 16.41432 -4.17460 -0.00289 0.00406 0.90088 0.43405
1633434120 -323.48523 17.01481 -4.16750 -0.00381 0.00438 0.89890 0.43811
1633434121 -322.79151 17.60701 -4.15886 -0.00444 0.00448 0.89691 0.44217
1633434121 -322.08874 18.19642 -4.15219 -0.00493 0.00472 0.89505 0.44591
1633434121 -321.36348 18.79155 -4.14883 -0.00598 0.00550 0.89324 0.44952
1633434121 -320.26024 19.68605 -4.14223 -0.00642 0.00709 0.89044 0.45501
1633434122 -319.52512 20.26870 -4.13971 -0.00678 0.00834 0.88872 0.45833
1633434122 -318.79196 20.84311 -4.13892 -0.00705 0.00881 0.88700 0.46164
1633434122 -317.68833 21.69229 -4.13576 -0.00691 0.00795 0.88464 0.46616
1633434122 -316.54056 22.55417 -4.13573 -0.00771 0.00683 0.88228 0.47061
1633434123 -315.75487 23.12706 -4.13278 -0.00729 0.00574 0.88075 0.47349
1633434123 -314.95116 23.70973 -4.12890 -0.00767 0.00542 0.87945 0.47589
1633434123 -313.69969 24.60001 -4.12342 -0.00796 0.00512 0.87754 0.47940
1633434123 -312.83376 25.20904 -4.11929 -0.00802 0.00477 0.87654 0.48124
1633434123 -311.93882 25.82715 -4.11562 -0.00832 0.00504 0.87537 0.48336
1633434124 -311.03247 26.45329 -4.10721 -0.00746 0.00509 0.87426 0.48538
1633434124 -310.11778 27.08020 -4.09790 -0.00753 0.00573 0.87327 0.48714
1633434124 -309.18870 27.71279 -4.09018 -0.00753 0.00578 0.87230 0.48888
1633434124 -308.24638 28.35082 -4.08132 -0.00696 0.00551 0.87150 0.49032
1633434124 -307.29983 28.99005 -4.07510 -0.00772 0.00552 0.87071 0.49170
1633434125 -306.34846 29.63096 -4.07277 -0.00719 0.00512 0.86995 0.49306
1633434125 -304.88604 30.61170 -4.06894 -0.00792 0.00555 0.86890 0.49489
1633434125 -303.43061 31.58352 -4.06458 -0.00753 0.00454 0.86805 0.49641
1633434126 -301.93316 32.57365 -4.06149 -0.00735 0.00446 0.86721 0.49787
1633434126 -300.44453 33.55286 -4.05854 -0.00677 0.00594 0.86657 0.49898
1633434126 -298.93440 34.54882 -4.06119 -0.00598 0.00617 0.86616 0.49969
1633434126 -297.45833 35.52537 -4.06796 -0.00666 0.00634 0.86606 0.49985
1633434127 -295.95060 36.51867 -4.07000 -0.00613 0.00677 0.86631 0.49943
1633434127 -294.42595 37.51552 -4.06779 -0.00495 0.00661 0.86658 0.49896
1633434127 -292.90860 38.52369 -4.07256 -0.00518 0.00681 0.86698 0.49827
1633434128 -291.39370 39.52619 -4.07200 -0.00521 0.00617 0.86754 0.49731
1633434128 -289.83878 40.55309 -4.07066 -0.00465 0.00591 0.86810 0.49634
1633434128 -288.80992 41.24134 -4.06992 -0.00515 0.00582 0.86852 0.49559
1633434128 -287.77978 41.93551 -4.07203 -0.00476 0.00535 0.86888 0.49497
1633434129 -286.72352 42.64139 -4.06689 -0.00476 0.00563 0.86929 0.49424
1633434129 -285.65632 43.36089 -4.06552 -0.00490 0.00581 0.86950 0.49387
1633434129 -284.59552 44.07904 -4.06689 -0.00459 0.00575 0.86980 0.49335
1633434129 -283.54647 44.79274 -4.06937 -0.00514 0.00602 0.86982 0.49331
1633434129 -282.47782 45.51335 -4.06699 -0.00447 0.00597 0.86983 0.49330
1633434130 -281.40765 46.23324 -4.06543 -0.00552 0.00592 0.86956 0.49377
1633434130 -280.33856 46.95671 -4.06311 -0.00540 0.00551 0.86917 0.49446
1633434130 -279.27098 47.67354 -4.06070 -0.00604 0.00544 0.86872 0.49524
1633434130 -278.19877 48.39495 -4.05930 -0.00593 0.00479 0.86810 0.49633
1633434130 -277.12947 49.10577 -4.05928 -0.00607 0.00473 0.86752 0.49734
1633434131 -276.05897 49.81699 -4.05898 -0.00625 0.00509 0.86675 0.49867
1633434131 -274.99061 50.52131 -4.05722 -0.00619 0.00549 0.86613 0.49975
1633434131 -273.92332 51.22128 -4.05826 -0.00659 0.00619 0.86537 0.50105
1633434131 -272.85541 51.91833 -4.05936 -0.00610 0.00653 0.86469 0.50223
1633434131 -271.78260 52.60922 -4.06039 -0.00709 0.00667 0.86388 0.50361
1633434132 -270.71341 53.29285 -4.06118 -0.00636 0.00661 0.86310 0.50494
1633434132 -269.65969 53.95902 -4.06310 -0.00686 0.00696 0.86232 0.50626
1633434132 -268.58569 54.63678 -4.06302 -0.00625 0.00673 0.86156 0.50757
1633434132 -266.99048 55.63110 -4.06603 -0.00698 0.00649 0.86054 0.50930
1633434132 -265.92250 56.28983 -4.06669 -0.00655 0.00614 0.85985 0.51047
1633434133 -264.31491 57.27599 -4.06812 -0.00702 0.00644 0.85900 0.51189
1633434133 -262.73147 58.23998 -4.06878 -0.00702 0.00628 0.85839 0.51292
1633434133 -261.12179 59.21478 -4.06874 -0.00646 0.00643 0.85793 0.51369
1633434134 -259.54119 60.16156 -4.06783 -0.00708 0.00666 0.85766 0.51412
1633434134 -257.95424 61.11718 -4.06763 -0.00694 0.00657 0.85755 0.51431
1633434134 -256.89877 61.75220 -4.06326 -0.00685 0.00652 0.85749 0.51442
1633434134 -255.86437 62.38068 -4.06049 -0.00696 0.00638 0.85758 0.51426
1633434135 -254.82312 63.01041 -4.05540 -0.00764 0.00550 0.85752 0.51436
1633434135 -253.28303 63.93807 -4.04944 -0.00770 0.00545 0.85757 0.51429
1633434135 -252.25790 64.56187 -4.04275 -0.00754 0.00560 0.85749 0.51442
1633434135 -251.21292 65.19790 -4.03796 -0.00768 0.00539 0.85755 0.51431
1633434135 -250.18010 65.82621 -4.03624 -0.00779 0.00549 0.85753 0.51434
1633434136 -249.13383 66.46011 -4.03219 -0.00710 0.00574 0.85758 0.51427
1633434136 -248.09164 67.09622 -4.03147 -0.00748 0.00616 0.85762 0.51419
1633434136 -247.05567 67.73116 -4.03062 -0.00667 0.00611 0.85777 0.51395
1633434136 -246.01863 68.36720 -4.03189 -0.00721 0.00616 0.85791 0.51371
1633434136 -244.97925 68.99842 -4.02792 -0.00662 0.00565 0.85806 0.51347
1633434137 -243.41691 69.95458 -4.03018 -0.00715 0.00553 0.85827 0.51312
1633434137 -241.87595 70.90219 -4.03194 -0.00629 0.00526 0.85854 0.51268
1633434137 -240.31845 71.86015 -4.02997 -0.00540 0.00490 0.85874 0.51237
1633434138 -239.29038 72.49454 -4.02883 -0.00559 0.00541 0.85882 0.51223
1633434138 -238.26752 73.13266 -4.02857 -0.00505 0.00568 0.85888 0.51211
1633434138 -237.24336 73.76489 -4.02828 -0.00546 0.00569 0.85910 0.51175
1633434138 -235.71733 74.71192 -4.02779 -0.00568 0.00519 0.85932 0.51139
1633434138 -234.69868 75.34719 -4.02486 -0.00662 0.00533 0.85944 0.51117
1633434139 -233.17062 76.30207 -4.02058 -0.00641 0.00490 0.85956 0.51097
1633434139 -231.65150 77.24452 -4.01689 -0.00690 0.00463 0.85963 0.51086
1633434139 -230.11512 78.19577 -4.01209 -0.00730 0.00484 0.85956 0.51095
1633434140 -228.60565 79.13092 -4.00613 -0.00691 0.00489 0.85936 0.51129
1633434140 -227.07634 80.07215 -4.00439 -0.00677 0.00498 0.85915 0.51166
1633434140 -225.56853 81.00594 -4.00192 -0.00662 0.00518 0.85890 0.51208
1633434141 -224.04700 81.94095 -3.99761 -0.00646 0.00496 0.85862 0.51255
1633434141 -222.03325 83.17643 -3.99703 -0.00587 0.00523 0.85795 0.51367
1633434141 -220.53198 84.09118 -3.99782 -0.00593 0.00534 0.85739 0.51460
1633434142 -219.02917 85.00551 -3.99669 -0.00573 0.00557 0.85669 0.51577
1633434142 -217.54008 85.90798 -3.99641 -0.00591 0.00572 0.85592 0.51704
1633434142 -216.03047 86.81325 -3.99954 -0.00703 0.00584 0.85521 0.51820
1633434142 -214.54750 87.69943 -3.99880 -0.00739 0.00569 0.85467 0.51909
1633434143 -213.04694 88.59093 -3.99496 -0.00787 0.00508 0.85418 0.51989
1633434143 -211.05623 89.76391 -3.98955 -0.00833 0.00544 0.85378 0.52054
1633434143 -209.58940 90.62822 -3.98996 -0.00785 0.00577 0.85386 0.52040
1633434144 -208.10036 91.49931 -3.98966 -0.00732 0.00441 0.85414 0.51998
1633434144 -206.62735 92.36410 -3.98165 -0.00678 0.00427 0.85440 0.51955
1633434144 -204.66496 93.51344 -3.97848 -0.00558 0.00433 0.85482 0.51887
1633434145 -203.18577 94.37900 -3.97573 -0.00472 0.00390 0.85507 0.51848
1633434145 -201.73704 95.22663 -3.96998 -0.00397 0.00231 0.85534 0.51804
1633434145 -200.28546 96.09303 -3.95992 -0.00472 0.00209 0.85555 0.51769
1633434146 -198.86940 96.94473 -3.94565 -0.00540 0.00207 0.85583 0.51723
1633434146 -197.43659 97.80356 -3.93466 -0.00429 0.00304 0.85581 0.51726
1633434146 -195.53698 98.93896 -3.93418 -0.00251 0.00470 0.85570 0.51745
1633434147 -193.64564 100.06149 -3.93506 -0.00305 0.00487 0.85608 0.51682
1633434147 -192.24403 100.90153 -3.94304 -0.00554 0.00470 0.85647 0.51614
1633434147 -190.83823 101.75379 -3.94141 -0.00575 0.00348 0.85702 0.51524
1633434148 -188.98089 102.88436 -3.93244 -0.00482 0.00187 0.85740 0.51462
1633434148 -187.60264 103.72373 -3.92458 -0.00382 0.00296 0.85755 0.51438
1633434148 -186.21905 104.56661 -3.91661 -0.00480 0.00195 0.85753 0.51441
1633434149 -184.84257 105.40287 -3.91014 -0.00474 0.00237 0.85752 0.51443
1633434149 -183.48208 106.23604 -3.91018 -0.00465 0.00273 0.85747 0.51450
1633434149 -182.14010 107.06209 -3.90854 -0.00521 0.00261 0.85739 0.51463
1633434150 -180.78125 107.88851 -3.89738 -0.00502 0.00248 0.85724 0.51489
1633434150 -179.44079 108.70416 -3.88780 -0.00536 0.00227 0.85709 0.51514
1633434150 -178.09224 109.52904 -3.88653 -0.00511 0.00297 0.85691 0.51543
1633434150 -176.75361 110.33579 -3.88175 -0.00495 0.00275 0.85670 0.51579
1633434151 -175.39257 111.15545 -3.88584 -0.00486 0.00299 0.85640 0.51628
1633434151 -174.02661 111.97228 -3.87267 -0.00491 0.00302 0.85615 0.51669
1633434151 -172.66780 112.78619 -3.87653 -0.00482 0.00259 0.85592 0.51707
1633434152 -171.32226 113.58733 -3.87241 -0.00490 0.00269 0.85558 0.51765
1633434152 -169.94920 114.39988 -3.86209 -0.00530 0.00255 0.85538 0.51797
1633434152 -168.61273 115.19782 -3.85548 -0.00533 0.00199 0.85525 0.51819
1633434153 -167.25100 116.00456 -3.84243 -0.00558 0.00164 0.85509 0.51845
1633434153 -165.91201 116.80281 -3.84050 -0.00549 0.00213 0.85514 0.51837
1633434153 -164.54483 117.61439 -3.83483 -0.00712 -0.00159 0.85517 0.51830
1633434153 -163.20589 118.40734 -3.81569 -0.00696 -0.00042 0.85508 0.51845
1633434154 -161.85448 119.20964 -3.79588 -0.00642 0.00051 0.85517 0.51831
1633434154 -160.52183 120.00361 -3.78128 -0.00582 0.00071 0.85529 0.51811
1633434154 -159.16842 120.80840 -3.76844 -0.00593 0.00055 0.85525 0.51818
1633434155 -157.36492 121.87819 -3.74855 -0.00667 -0.00010 0.85535 0.51800
1633434155 -156.03170 122.67925 -3.73199 -0.00652 0.00047 0.85551 0.51775
1633434155 -154.68291 123.48944 -3.71843 -0.00624 0.00065 0.85544 0.51786
1633434156 -153.34972 124.28990 -3.70342 -0.00711 0.00037 0.85541 0.51790
1633434156 -151.97354 125.10198 -3.68240 -0.00647 0.00151 0.85532 0.51805
1633434156 -150.64376 125.90268 -3.67802 -0.00661 0.00218 0.85502 0.51854
1633434157 -149.30177 126.70207 -3.67830 -0.00706 0.00221 0.85482 0.51887
1633434157 -147.97321 127.49846 -3.65909 -0.00861 -0.00035 0.85451 0.51936
1633434157 -146.61656 128.28189 -3.63979 -0.00808 -0.00119 0.85429 0.51973
1633434157 -145.27859 129.06905 -3.61532 -0.00767 -0.00019 0.85411 0.52003
1633434158 -144.39360 129.59053 -3.60530 -0.00713 0.00034 0.85399 0.52025
1633434158 -143.05163 130.38530 -3.58853 -0.00721 0.00097 0.85366 0.52077
1633434158 -141.72041 131.16930 -3.57101 -0.00609 0.00088 0.85333 0.52134
1633434159 -140.37806 131.95476 -3.56495 -0.00450 0.00062 0.85271 0.52236
1633434159 -139.05176 132.73424 -3.55048 -0.00413 0.00072 0.85200 0.52352
1633434159 -137.70888 133.51301 -3.54031 -0.00418 0.00125 0.85140 0.52449
1633434159 -136.36660 134.27933 -3.52720 -0.00458 0.00138 0.85089 0.52533
1633434160 -135.03032 135.03912 -3.52511 -0.00526 0.00143 0.85042 0.52607
1633434160 -133.71502 135.78994 -3.52116 -0.00550 0.00135 0.85003 0.52670
1633434160 -132.39569 136.55483 -3.51291 -0.00570 0.00119 0.84975 0.52715
1633434161 -131.08388 137.30560 -3.50398 -0.00589 0.00102 0.84948 0.52758
1633434161 -129.74040 138.06950 -3.49358 -0.00582 0.00126 0.84922 0.52800
1633434161 -127.96086 139.07675 -3.48041 -0.00576 0.00210 0.84915 0.52811
1633434162 -126.63543 139.82811 -3.47306 -0.00576 0.00266 0.84915 0.52811
1633434162 -125.30078 140.58192 -3.46885 -0.00622 0.00250 0.84924 0.52797
1633434162 -123.96772 141.33597 -3.46112 -0.00642 0.00237 0.84950 0.52754
1633434163 -122.63620 142.09894 -3.45247 -0.00711 0.00158 0.84968 0.52724
1633434163 -120.86004 143.11322 -3.43532 -0.00703 0.00094 0.84993 0.52685
1633434163 -119.08745 144.12769 -3.41765 -0.00666 0.00102 0.85026 0.52631
1633434164 -117.31122 145.15091 -3.40509 -0.00683 0.00161 0.85050 0.52593
1633434164 -115.53648 146.17683 -3.39171 -0.00695 0.00142 0.85064 0.52571
1633434165 -113.78191 147.18723 -3.37949 -0.00758 0.00054 0.85062 0.52572
1633434165 -112.02072 148.19645 -3.36134 -0.00753 0.00108 0.85085 0.52535
1633434165 -110.70150 148.96266 -3.34117 -0.00786 0.00081 0.85082 0.52539
1633434166 -109.36545 149.73307 -3.32629 -0.00802 0.00046 0.85075 0.52550
1633434166 -107.99505 150.52029 -3.30448 -0.00761 0.00067 0.85066 0.52566
1633434166 -106.20259 151.54887 -3.29120 -0.00733 0.00075 0.85035 0.52616
1633434167 -104.84254 152.32478 -3.27469 -0.00627 0.00121 0.85011 0.52657
1633434167 -103.03191 153.34711 -3.26039 -0.00552 0.00142 0.84978 0.52711
1633434167 -101.66321 154.10805 -3.25206 -0.00553 0.00114 0.84956 0.52746
1633434168 -100.30569 154.87301 -3.23421 -0.00571 0.00101 0.84939 0.52774
1633434168 -98.52134 155.88337 -3.21950 -0.00540 0.00033 0.84905 0.52828
1633434168 -97.17469 156.64457 -3.20175 -0.00533 -0.00003 0.84868 0.52888
1633434169 -95.81359 157.40909 -3.18655 -0.00506 -0.00011 0.84827 0.52953
1633434169 -94.45211 158.16962 -3.17210 -0.00529 0.00033 0.84785 0.53021
1633434169 -92.60334 159.18778 -3.15308 -0.00573 0.00053 0.84740 0.53093
1633434170 -91.22402 159.94371 -3.14829 -0.00593 0.00056 0.84702 0.53152
1633434170 -89.86713 160.68795 -3.13421 -0.00583 0.00015 0.84669 0.53205
1633434170 -88.51545 161.43078 -3.11979 -0.00553 0.00013 0.84641 0.53250
1633434170 -87.16942 162.16498 -3.11175 -0.00558 -0.00010 0.84612 0.53297
1633434171 -85.80709 162.90097 -3.10322 -0.00551 -0.00116 0.84589 0.53332
1633434171 -84.47415 163.62253 -3.08759 -0.00422 -0.00087 0.84560 0.53380
1633434171 -83.15067 164.33469 -3.08321 -0.00235 0.00016 0.84552 0.53395
1633434172 -81.85022 165.04039 -3.08410 -0.00243 -0.00091 0.84580 0.53350
1633434172 -80.55074 165.75604 -3.08034 -0.00232 -0.00049 0.84609 0.53304
1633434172 -79.25023 166.47279 -3.07573 -0.00186 -0.00069 0.84621 0.53285
1633434173 -77.93596 167.19988 -3.07405 -0.00064 -0.00132 0.84643 0.53250
1633434173 -76.62548 167.93104 -3.06411 -0.00075 -0.00086 0.84669 0.53208
1633434173 -75.29518 168.67896 -3.05424 -0.00167 0.00077 0.84679 0.53192
1633434173 -73.95900 169.43066 -3.04699 -0.00185 0.00176 0.84705 0.53150
1633434174 -72.61466 170.18446 -3.04160 -0.00256 0.00150 0.84737 0.53100
1633434174 -71.28557 170.93756 -3.03113 -0.00398 0.00102 0.84787 0.53019
1633434174 -69.94746 171.70214 -3.01418 -0.00551 0.00068 0.84849 0.52918
1633434175 -68.56657 172.46833 -3.00327 -0.00639 0.00078 0.84908 0.52823
1633434175 -67.17440 173.24891 -2.98366 -0.00658 0.00074 0.84969 0.52725
1633434175 -65.77865 174.03516 -2.96746 -0.00552 0.00137 0.85021 0.52641
1633434176 -64.40012 174.81583 -2.95761 -0.00497 0.00208 0.85035 0.52619
1633434176 -62.57777 175.85020 -2.95120 -0.00448 0.00162 0.85044 0.52606
1633434176 -61.22669 176.61855 -2.94531 -0.00462 0.00120 0.85020 0.52644
1633434177 -59.90089 177.37763 -2.93197 -0.00491 0.00064 0.84969 0.52726
1633434177 -58.59391 178.12343 -2.91976 -0.00463 0.00223 0.84899 0.52839
1633434177 -57.30598 178.85574 -2.91333 -0.00540 0.00144 0.84847 0.52921
1633434178 -55.19377 180.04739 -2.90112 -0.00660 0.00208 0.84730 0.53106
1633434178 -53.14363 181.19342 -2.88303 -0.00674 0.00226 0.84616 0.53289
1633434179 -50.75457 182.50695 -2.86989 -0.00677 0.00272 0.84453 0.53546
1633434179 -48.84000 183.56133 -2.86182 -0.00712 0.00280 0.84310 0.53770
1633434180 -46.59333 184.77152 -2.85613 -0.00712 0.00306 0.84110 0.54083
1633434180 -44.76135 185.73204 -2.85736 -0.00688 0.00400 0.83829 0.54516
1633434181 -43.70661 186.27307 -2.86472 -0.00687 0.00428 0.83629 0.54822
1633434181 -42.63909 186.81867 -2.85846 -0.00668 0.00330 0.83437 0.55115
1633434181 -40.62109 187.80975 -2.84479 -0.00658 0.00372 0.83028 0.55730
1633434182 -39.38682 188.42288 -2.83507 -0.00678 0.00420 0.82757 0.56131
1633434182 -37.62363 189.25943 -2.83771 -0.00647 0.00419 0.82408 0.56642
1633434183 -36.10083 189.96266 -2.82812 -0.00633 0.00514 0.82048 0.57162
1633434183 -34.63410 190.62440 -2.82199 -0.00561 0.00526 0.81654 0.57724
1633434183 -33.54521 191.10089 -2.81007 -0.00557 0.00534 0.81298 0.58224
1633434184 -32.44707 191.54578 -2.81053 -0.00516 0.00560 0.80909 0.58764
1633434184 -31.35860 191.97543 -2.79676 -0.00547 0.00624 0.80484 0.59344
1633434184 -30.24139 192.40886 -2.79592 -0.00512 0.00629 0.80053 0.59923
1633434184 -29.19080 192.78021 -2.80100 -0.00493 0.00638 0.79579 0.60552
1633434185 -28.12709 193.14733 -2.79746 -0.00448 0.00695 0.79078 0.61204
1633434185 -27.13534 193.46844 -2.79612 -0.00405 0.00648 0.78563 0.61865
1633434185 -26.21269 193.74497 -2.79187 -0.00403 0.00647 0.78017 0.62552
1633434186 -25.36357 193.98473 -2.78163 -0.00419 0.00628 0.77458 0.63243
1633434186 -24.52166 194.19431 -2.76914 -0.00382 0.00651 0.76907 0.63912
1633434186 -23.69882 194.37232 -2.75697 -0.00349 0.00615 0.76315 0.64618
1633434187 -22.91092 194.53160 -2.74444 -0.00341 0.00542 0.75698 0.65340
1633434187 -22.15146 194.67178 -2.72888 -0.00297 0.00510 0.75028 0.66109
1633434187 -21.41274 194.78153 -2.71742 -0.00276 0.00443 0.74426 0.66787
1633434187 -20.69676 194.87934 -2.70648 -0.00248 0.00400 0.73820 0.67456
1633434188 -19.97768 194.96588 -2.69523 -0.00161 0.00392 0.73222 0.68106
1633434188 -19.29028 195.04519 -2.69324 -0.00169 0.00336 0.72550 0.68821
1633434188 -18.57356 195.11131 -2.68754 -0.00174 0.00316 0.71770 0.69635
1633434189 -18.08419 195.14710 -2.68564 -0.00106 0.00286 0.71234 0.70182
1633434189 -17.67243 195.18367 -2.68156 -0.00055 0.00334 0.70659 0.70762
1633434189 -16.64153 195.20806 -2.68290 -0.00003 0.00255 0.69458 0.71941
1633434189 -16.26846 195.22247 -2.68373 0.00013 0.00310 0.68794 0.72576
1633434190 -15.33550 195.21104 -2.68674 0.00052 0.00318 0.67370 0.73900
1633434190 -14.30837 195.13468 -2.68312 0.00074 0.00266 0.65802 0.75300
1633434191 -13.30925 195.01417 -2.69004 0.00037 0.00214 0.64173 0.76693
1633434191 -12.85050 194.94814 -2.68810 0.00053 0.00258 0.63333 0.77388
1633434191 -11.89683 194.76856 -2.69382 0.00023 0.00204 0.61606 0.78769
1633434192 -10.97028 194.55247 -2.70058 0.00068 0.00256 0.59669 0.80247
1633434192 -10.50717 194.42397 -2.70163 0.00060 0.00281 0.58642 0.81000
1633434192 -9.59323 194.14381 -2.70763 0.00027 0.00359 0.56538 0.82482
1633434193 -8.67447 193.80731 -2.71787 0.00022 0.00479 0.54348 0.83941
1633434193 -8.22532 193.61629 -2.71785 0.00005 0.00512 0.53191 0.84678
1633434193 -7.32213 193.17765 -2.72091 -0.00010 0.00547 0.50862 0.86097
1633434193 -6.89230 192.94264 -2.72394 -0.00016 0.00595 0.49672 0.86789
1633434194 -6.49033 192.71092 -2.72515 -0.00051 0.00623 0.48484 0.87458
1633434194 -6.08836 192.45993 -2.72496 -0.00025 0.00639 0.47286 0.88111
1633434194 -5.31698 191.94797 -2.73442 -0.00045 0.00670 0.44851 0.89375
1633434194 -4.94801 191.67558 -2.73598 -0.00056 0.00674 0.43618 0.89983
1633434195 -4.58378 191.38896 -2.73609 -0.00068 0.00677 0.42348 0.90588
1633434195 -4.05735 190.95401 -2.73728 -0.00138 0.00726 0.40412 0.91468
1633434195 -3.54552 190.50362 -2.74132 -0.00157 0.00739 0.38414 0.92324
1633434195 -3.20086 190.17263 -2.74113 -0.00175 0.00755 0.37027 0.92889
1633434196 -2.68184 189.63085 -2.74161 -0.00177 0.00681 0.34954 0.93689
1633434196 -2.17742 189.05440 -2.73908 -0.00163 0.00680 0.32786 0.94470
1633434196 -1.69516 188.44484 -2.73365 -0.00225 0.00680 0.30573 0.95209
1633434196 -1.38890 188.02520 -2.72917 -0.00226 0.00654 0.29071 0.95679
1633434197 -0.93903 187.34517 -2.72569 -0.00264 0.00557 0.26751 0.96354
1633434197 -0.64904 186.86339 -2.72307 -0.00248 0.00483 0.25161 0.96781
1633434197 -0.37052 186.36299 -2.71990 -0.00206 0.00447 0.23544 0.97188
1633434197 -0.23547 186.09711 -2.71725 -0.00178 0.00432 0.22695 0.97389
1633434197 0.02698 185.55460 -2.71301 -0.00132 0.00383 0.21042 0.97760
1633434198 0.27468 184.99116 -2.70855 -0.00079 0.00279 0.19381 0.98103
1633434198 0.50800 184.41004 -2.70586 0.00003 0.00198 0.17710 0.98419
1633434198 0.61527 184.10857 -2.70323 0.00026 0.00160 0.16880 0.98565
1633434198 0.82432 183.50660 -2.70140 0.00006 0.00093 0.15282 0.98825
1633434198 0.91923 183.19663 -2.69874 0.00004 0.00054 0.14478 0.98946
1633434198 1.10138 182.57002 -2.69752 0.00044 -0.00026 0.12899 0.99165
1633434199 1.26640 181.93040 -2.69551 0.00046 -0.00103 0.11343 0.99354
1633434199 1.33772 181.60578 -2.69342 0.00027 -0.00170 0.10571 0.99440
1633434199 1.47495 180.94611 -2.68993 0.00025 -0.00243 0.09017 0.99592
1633434199 1.59295 180.26983 -2.68789 0.00024 -0.00320 0.07462 0.99721
1633434199 1.69323 179.58354 -2.68588 0.00022 -0.00456 0.05969 0.99821
1633434200 1.77157 178.88593 -2.68225 0.00030 -0.00532 0.04466 0.99899
1633434200 1.83042 178.17927 -2.67804 0.00052 -0.00585 0.03008 0.99953
1633434200 1.87145 177.46766 -2.67486 0.00077 -0.00633 0.01595 0.99985
1633434200 1.89603 176.75671 -2.67321 0.00116 -0.00695 0.00256 0.99997
1633434200 1.90392 176.03849 -2.67069 0.00092 -0.00714 -0.01078 0.99992
1633434201 1.90115 175.34086 -2.66711 0.00072 -0.00620 -0.02402 0.99969
1633434201 1.87181 174.63051 -2.66462 0.00081 -0.00595 -0.03676 0.99931
1633434201 1.81902 173.91472 -2.66246 0.00028 -0.00582 -0.04908 0.99878
1633434201 1.75993 173.20367 -2.65660 0.00029 -0.00562 -0.06077 0.99814
1633434201 1.68465 172.48962 -2.65465 0.00021 -0.00466 -0.07269 0.99734
1633434202 1.58930 171.78184 -2.65108 -0.00059 -0.00433 -0.08409 0.99645
1633434202 1.47993 171.07753 -2.64490 -0.00187 -0.00369 -0.09531 0.99544
1633434202 1.36068 170.37389 -2.63753 -0.00269 -0.00247 -0.10620 0.99434
1633434202 1.22406 169.66489 -2.63153 -0.00285 -0.00158 -0.11718 0.99311
1633434202 1.07174 168.96024 -2.62129 -0.00266 -0.00127 -0.12716 0.99188
1633434203 0.91078 168.25672 -2.61187 -0.00265 -0.00119 -0.13668 0.99061
1633434203 0.73339 167.54911 -2.60114 -0.00265 -0.00005 -0.14618 0.98925
1633434203 0.53765 166.83685 -2.59220 -0.00292 0.00009 -0.15441 0.98800
1633434203 0.22382 165.76226 -2.57727 -0.00340 0.00024 -0.16537 0.98623
1633434204 -0.09885 164.71106 -2.56201 -0.00349 0.00091 -0.17582 0.98442
1633434204 -0.44703 163.65389 -2.54477 -0.00376 0.00080 -0.18522 0.98269
1633434204 -0.81199 162.59184 -2.53124 -0.00293 0.00051 -0.19324 0.98115
1633434204 -1.20176 161.51777 -2.52065 -0.00272 0.00023 -0.20028 0.97973
1633434205 -1.60856 160.43456 -2.51137 -0.00223 0.00061 -0.20646 0.97845
1633434205 -2.18616 158.95855 -2.49691 -0.00220 0.00059 -0.21352 0.97694
1633434206 -2.81309 157.44199 -2.48288 -0.00153 0.00022 -0.21892 0.97574
1633434206 -3.48300 155.85388 -2.47343 -0.00056 -0.00051 -0.22270 0.97489
1633434206 -4.18481 154.23193 -2.46359 -0.00065 -0.00079 -0.22507 0.97434
1633434207 -5.05891 152.20220 -2.45411 -0.00082 -0.00072 -0.22608 0.97411
1633434207 -5.78114 150.54575 -2.44286 -0.00112 -0.00063 -0.22519 0.97431
1633434208 -6.51557 148.84581 -2.43449 -0.00181 -0.00051 -0.22320 0.97477
1633434208 -7.07725 147.54152 -2.41846 -0.00210 0.00017 -0.22113 0.97524
1633434208 -7.65304 146.19545 -2.40896 -0.00223 -0.00012 -0.21756 0.97605
1633434209 -8.19798 144.86929 -2.39222 -0.00210 0.00054 -0.21263 0.97713
1633434209 -8.72384 143.54610 -2.38163 -0.00242 0.00065 -0.20727 0.97828
1633434209 -9.23180 142.23797 -2.36639 -0.00132 0.00129 -0.20151 0.97948
1633434209 -9.70629 140.95001 -2.35180 -0.00111 0.00143 -0.19537 0.98073
1633434210 -10.13914 139.71801 -2.34072 0.00011 0.00226 -0.18937 0.98190
1633434210 -10.55166 138.48967 -2.33138 0.00001 0.00285 -0.18312 0.98309
1633434210 -10.92631 137.29729 -2.32040 -0.00031 0.00314 -0.17648 0.98430
1633434211 -11.28038 136.10808 -2.31482 0.00076 0.00366 -0.16843 0.98571
1633434211 -11.50053 135.32608 -2.30890 0.00067 0.00416 -0.16195 0.98679
1633434211 -11.70877 134.54160 -2.30327 0.00132 0.00449 -0.15467 0.98795
1633434211 -11.90448 133.75144 -2.29873 0.00149 0.00498 -0.14668 0.98917
1633434211 -12.08045 132.97656 -2.29494 0.00131 0.00532 -0.13837 0.99037
1633434212 -12.23524 132.21792 -2.29220 0.00098 0.00551 -0.12966 0.99154
1633434212 -12.37953 131.45718 -2.28869 0.00145 0.00570 -0.12056 0.99269
1633434212 -12.49939 130.74119 -2.28435 0.00114 0.00608 -0.11186 0.99370
1633434212 -12.59806 130.07076 -2.28077 0.00136 0.00618 -0.10341 0.99462
1633434212 -12.68524 129.42435 -2.27758 0.00121 0.00641 -0.09477 0.99548
1633434213 -12.75527 128.79467 -2.27398 0.00110 0.00610 -0.08573 0.99630
1633434213 -12.80592 128.19489 -2.27320 0.00085 0.00646 -0.07696 0.99701
1633434213 -12.84632 127.61864 -2.26895 0.00076 0.00670 -0.06872 0.99761
1633434213 -12.87790 127.04381 -2.26504 0.00017 0.00691 -0.05948 0.99821
1633434213 -12.89283 126.47742 -2.25914 -0.00043 0.00687 -0.04975 0.99874
1633434214 -12.89633 125.92997 -2.25716 -0.00041 0.00663 -0.04031 0.99917
1633434214 -12.89353 125.37574 -2.25354 -0.00000 0.00713 -0.03115 0.99949
1633434214 -12.87821 124.83470 -2.24703 0.00013 0.00665 -0.02126 0.99975
1633434214 -12.85147 124.31165 -2.24047 0.00010 0.00689 -0.01170 0.99991
1633434214 -12.81611 123.80998 -2.23089 -0.00008 0.00719 -0.00226 0.99997
1633434215 -12.77417 123.29142 -2.22482 -0.00011 0.00689 0.00755 0.99995
1633434215 -12.72189 122.78088 -2.22156 -0.00016 0.00696 0.01699 0.99983
1633434215 -12.65772 122.30268 -2.21706 -0.00041 0.00691 0.02708 0.99961
1633434215 -12.58339 121.81881 -2.21468 -0.00024 0.00664 0.03764 0.99927
1633434215 -12.49976 121.34004 -2.21658 -0.00012 0.00707 0.04802 0.99882
1633434216 -12.40509 120.86067 -2.21693 0.00034 0.00716 0.05996 0.99818
1633434216 -12.29471 120.40601 -2.21911 0.00067 0.00717 0.07236 0.99735
1633434216 -12.18374 119.93199 -2.22250 0.00114 0.00738 0.08386 0.99645
1633434216 -12.06063 119.48974 -2.22740 0.00120 0.00789 0.09576 0.99537
1633434216 -11.94505 119.09848 -2.23054 0.00176 0.00832 0.10565 0.99437
1633434217 -11.83053 118.72677 -2.23336 0.00224 0.00814 0.11534 0.99329
1633434217 -11.70942 118.38614 -2.23572 0.00205 0.00821 0.12467 0.99216
1633434217 -11.58531 118.03337 -2.23999 0.00213 0.00839 0.13248 0.99115
1633434217 -11.38535 117.51416 -2.24600 0.00303 0.00834 0.14520 0.98936
1633434218 -11.26395 117.21990 -2.24955 0.00277 0.00829 0.15392 0.98804
1633434218 -11.12975 116.90482 -2.25063 0.00311 0.00833 0.16284 0.98661
1633434218 -10.99022 116.59374 -2.25161 0.00374 0.00857 0.17177 0.98509
1633434218 -10.84763 116.28885 -2.25241 0.00398 0.00904 0.18011 0.98360
1633434218 -10.62393 115.83644 -2.25461 0.00343 0.00900 0.19314 0.98112
1633434219 -10.47782 115.55636 -2.25313 0.00336 0.00944 0.20147 0.97944
1633434219 -10.25560 115.14500 -2.25491 0.00297 0.01030 0.21249 0.97711
1633434219 -10.01924 114.71463 -2.25863 0.00267 0.01000 0.22243 0.97489
1633434220 -9.81011 114.35391 -2.26115 0.00256 0.00907 0.23162 0.97276
1633434220 -9.49708 113.83606 -2.26668 0.00220 0.00952 0.24326 0.96991
1633434220 -9.18024 113.35363 -2.27691 0.00182 0.01018 0.25334 0.96732
1633434221 -8.83415 112.85416 -2.29069 0.00148 0.01011 0.26261 0.96485
1633434221 -8.45687 112.33930 -2.30276 0.00139 0.01031 0.27181 0.96229
1633434222 -8.13973 111.92040 -2.30603 0.00090 0.01052 0.28124 0.95958
1633434222 -7.76809 111.45756 -2.31829 0.00114 0.01124 0.28968 0.95706
1633434222 -7.29327 110.87965 -2.33024 0.00100 0.01205 0.29912 0.95414
1633434223 -6.85008 110.35011 -2.33580 0.00118 0.01235 0.30797 0.95132
1633434223 -6.39293 109.81795 -2.34165 0.00205 0.01211 0.31586 0.94872
1633434224 -5.88211 109.23578 -2.34974 0.00266 0.01173 0.32468 0.94575
1633434225 -5.31763 108.62377 -2.35519 0.00221 0.01233 0.33250 0.94302
1633434225 -4.82539 108.09138 -2.36059 0.00185 0.01241 0.33889 0.94074
1633434226 -4.42197 107.65381 -2.36649 0.00150 0.01156 0.34644 0.93800
1633434226 -4.00759 107.23047 -2.35937 0.00076 0.01041 0.35284 0.93563
1633434227 -3.47823 106.69128 -2.36581 0.00116 0.01210 0.35914 0.93320
1633434227 -2.98186 106.21030 -2.36368 0.00146 0.01288 0.36526 0.93081
1633434228 -2.51133 105.76311 -2.36401 0.00155 0.01369 0.37135 0.92839
1633434228 -2.02918 105.32456 -2.36404 0.00221 0.01434 0.37767 0.92583
1633434229 -1.47032 104.83688 -2.36677 0.00263 0.01542 0.38345 0.92343
1633434229 -0.85784 104.30624 -2.37600 0.00204 0.01569 0.38796 0.92154
1633434230 -0.12332 103.67256 -2.38133 0.00241 0.01493 0.39071 0.92039
1633434231 0.70353 102.95866 -2.38651 0.00220 0.01423 0.38886 0.92119
1633434232 1.50200 102.25084 -2.39960 0.00029 0.01215 0.38221 0.92400
1633434232 2.01928 101.77448 -2.39833 -0.00160 0.01159 0.37538 0.92680
1633434233 2.53470 101.27563 -2.38475 -0.00406 0.01164 0.36696 0.93016
1633434233 2.83923 100.95384 -2.39331 -0.00558 0.01108 0.35904 0.93324
1633434233 3.15736 100.61518 -2.37015 -0.00683 0.01194 0.35035 0.93652
1633434234 3.43377 100.28743 -2.35194 -0.00784 0.01202 0.34092 0.93998
1633434234 3.72134 99.93589 -2.34015 -0.00623 0.01162 0.32995 0.94391
1633434235 3.96021 99.62773 -2.33719 -0.00602 0.01145 0.32141 0.94685
1633434235 4.24314 99.26319 -2.32533 -0.00511 0.01221 0.31166 0.95010
1633434235 4.48538 98.92567 -2.31505 -0.00459 0.01266 0.30074 0.95361
1633434235 4.67761 98.63762 -2.30099 -0.00434 0.01277 0.28967 0.95703
1633434236 4.91717 98.27010 -2.29518 -0.00370 0.01360 0.27783 0.96053
1633434236 5.06570 98.03228 -2.28041 -0.00369 0.01486 0.26752 0.96343
1633434236 5.20601 97.76062 -2.27464 -0.00371 0.01466 0.25585 0.96660
1633434236 5.32417 97.51239 -2.26972 -0.00391 0.01411 0.24193 0.97018
1633434237 5.43854 97.24013 -2.26796 -0.00397 0.01358 0.22669 0.97386
1633434237 5.49500 97.09695 -2.26178 -0.00404 0.01313 0.21893 0.97564
1633434237 5.54652 96.93585 -2.26076 -0.00410 0.01268 0.21126 0.97734
1633434237 5.64417 96.67092 -2.25633 -0.00457 0.01254 0.19560 0.98059
1633434237 5.72876 96.39345 -2.25340 -0.00470 0.01257 0.17955 0.98366
1633434237 5.76141 96.26179 -2.24835 -0.00483 0.01254 0.17132 0.98512
1633434237 5.82372 96.00620 -2.24084 -0.00532 0.01218 0.15479 0.98786
1633434238 5.84873 95.87940 -2.23584 -0.00561 0.01200 0.14647 0.98913
1633434238 5.87438 95.74461 -2.23055 -0.00574 0.01197 0.13815 0.99032
1633434238 5.89788 95.61187 -2.22459 -0.00554 0.01185 0.13035 0.99138
1633434238 5.92101 95.47174 -2.21789 -0.00517 0.01172 0.12218 0.99243
1633434238 5.93967 95.33604 -2.21192 -0.00500 0.01154 0.11410 0.99339
1633434238 5.95665 95.19598 -2.20642 -0.00490 0.01159 0.10575 0.99431
1633434238 5.97027 95.06106 -2.20092 -0.00481 0.01181 0.09776 0.99513
1633434238 5.98201 94.92261 -2.19504 -0.00472 0.01181 0.08956 0.99590
1633434238 5.98925 94.79170 -2.18875 -0.00465 0.01169 0.08131 0.99661
1633434238 5.99246 94.65956 -2.18263 -0.00461 0.01148 0.07221 0.99731
1633434239 5.99159 94.53103 -2.17742 -0.00454 0.01120 0.06282 0.99795
1633434239 5.98923 94.27887 -2.17138 -0.00446 0.01030 0.04377 0.99898
1633434239 5.98211 94.15037 -2.16755 -0.00435 0.00953 0.03422 0.99936
1633434239 5.97358 94.02196 -2.16369 -0.00417 0.00863 0.02473 0.99965
1633434239 5.96320 93.88654 -2.15859 -0.00397 0.00802 0.01499 0.99985
1633434239 5.94895 93.75073 -2.15266 -0.00390 0.00767 0.00539 0.99995
1633434239 5.93064 93.60851 -2.14655 -0.00393 0.00742 -0.00458 0.99995
1633434239 5.90861 93.47199 -2.14078 -0.00405 0.00698 -0.01405 0.99987
1633434239 5.88411 93.33599 -2.13467 -0.00417 0.00660 -0.02350 0.99969
1633434240 5.85982 93.20677 -2.12824 -0.00426 0.00647 -0.03267 0.99944
1633434240 5.83374 93.07413 -2.12136 -0.00437 0.00661 -0.04231 0.99907
1633434240 5.80486 92.94396 -2.11504 -0.00446 0.00672 -0.05211 0.99861
1633434240 5.76940 92.80615 -2.10929 -0.00468 0.00645 -0.06245 0.99802
1633434240 5.73261 92.67596 -2.10379 -0.00497 0.00588 -0.07192 0.99738
1633434240 5.69431 92.54079 -2.09769 -0.00516 0.00538 -0.08169 0.99663
1633434240 5.65458 92.40813 -2.09178 -0.00532 0.00518 -0.09147 0.99578
1633434240 5.60996 92.27287 -2.08565 -0.00533 0.00503 -0.10189 0.99477
1633434240 5.55792 92.13423 -2.08038 -0.00532 0.00460 -0.11203 0.99368
1633434240 5.50126 91.99199 -2.07529 -0.00541 0.00406 -0.12225 0.99248
1633434241 5.44721 91.86190 -2.06983 -0.00560 0.00387 -0.13200 0.99123
1633434241 5.38465 91.74138 -2.06122 -0.00595 0.00392 -0.14190 0.98985
1633434241 5.33393 91.60666 -2.05827 -0.00644 0.00407 -0.15179 0.98838
1633434241 5.27496 91.48163 -2.05244 -0.00704 0.00416 -0.16184 0.98678
1633434241 5.20383 91.36529 -2.04638 -0.00755 0.00409 -0.17169 0.98511
1633434241 5.14802 91.23306 -2.04117 -0.00811 0.00390 -0.18159 0.98333
1633434241 5.08349 91.11102 -2.03590 -0.00830 0.00356 -0.19147 0.98146
1633434241 5.01597 90.98693 -2.02902 -0.00818 0.00330 -0.20168 0.97941
1633434241 4.94610 90.86181 -2.02387 -0.00810 0.00330 -0.21159 0.97732
1633434241 4.87029 90.72924 -2.01929 -0.00795 0.00293 -0.22164 0.97509
1633434242 4.78947 90.59919 -2.01359 -0.00784 0.00262 -0.23113 0.97289
1633434242 4.70365 90.46503 -2.00699 -0.00795 0.00254 -0.24105 0.97048
1633434242 4.61550 90.33318 -1.99983 -0.00835 0.00272 -0.25092 0.96797
1633434242 4.52112 90.19814 -1.99265 -0.00885 0.00301 -0.26111 0.96526
1633434242 4.41399 90.07133 -1.98405 -0.00920 0.00321 -0.27118 0.96248
1633434242 4.32137 89.93148 -1.98080 -0.00938 0.00317 -0.28148 0.95952
1633434242 4.21963 89.80438 -1.97628 -0.00950 0.00312 -0.29158 0.95649
1633434242 4.11496 89.67519 -1.97147 -0.00954 0.00287 -0.30191 0.95328
1633434242 4.01001 89.55013 -1.96661 -0.00968 0.00274 -0.31186 0.95008
1633434242 3.89974 89.42195 -1.96246 -0.00998 0.00282 -0.32195 0.94670
1633434243 3.79048 89.30079 -1.95725 -0.01028 0.00266 -0.33151 0.94339
1633434243 3.67436 89.17704 -1.95078 -0.01061 0.00269 -0.34127 0.93990
1633434243 3.55678 89.05741 -1.94443 -0.01089 0.00277 -0.35085 0.93636
1633434243 3.43087 88.93683 -1.93870 -0.01108 0.00271 -0.36087 0.93255
1633434243 3.30587 88.82349 -1.93404 -0.01113 0.00274 -0.37044 0.92878
1633434243 3.17860 88.71113 -1.93039 -0.01106 0.00280 -0.38010 0.92487
1633434243 3.05498 88.60398 -1.92644 -0.01102 0.00263 -0.38948 0.92096
1633434243 2.92750 88.49787 -1.92080 -0.01112 0.00237 -0.39902 0.91687
1633434243 2.80221 88.39782 -1.91461 -0.01135 0.00233 -0.40804 0.91289
1633434243 2.66618 88.29430 -1.90814 -0.01165 0.00224 -0.41749 0.90860
1633434244 2.53243 88.19558 -1.90201 -0.01176 0.00208 -0.42646 0.90443
1633434244 2.38754 88.09423 -1.89628 -0.01166 0.00188 -0.43568 0.90003
1633434244 2.24350 87.99825 -1.89075 -0.01149 0.00150 -0.44437 0.89577
1633434244 2.09101 87.90110 -1.88500 -0.01117 0.00122 -0.45344 0.89121
1633434244 1.94592 87.81214 -1.87938 -0.01096 0.00114 -0.46219 0.88671
1633434244 1.79599 87.72418 -1.87329 -0.01093 0.00110 -0.47121 0.88195
1633434244 1.65335 87.64319 -1.86732 -0.01096 0.00104 -0.47956 0.87744
1633434244 1.50047 87.56055 -1.86093 -0.01091 0.00078 -0.48811 0.87272
1633434244 1.34910 87.48432 -1.85389 -0.01080 0.00043 -0.49621 0.86814
1633434244 1.19247 87.40956 -1.84674 -0.01074 0.00022 -0.50446 0.86337
1633434245 1.03902 87.33983 -1.84077 -0.01092 0.00024 -0.51261 0.85855
1633434245 0.88232 87.27084 -1.83487 -0.01122 0.00029 -0.52117 0.85338
1633434245 0.73356 87.20713 -1.82971 -0.01153 0.00044 -0.52935 0.84832
1633434245 0.58099 87.14333 -1.82535 -0.01158 0.00045 -0.53751 0.84318
1633434245 0.43090 87.08263 -1.82050 -0.01129 0.00025 -0.54515 0.83826
1633434245 0.26996 87.02089 -1.81564 -0.01098 -0.00012 -0.55279 0.83325
1633434245 0.11239 86.96469 -1.81005 -0.01104 -0.00009 -0.55984 0.82853
1633434245 -0.05781 86.90918 -1.80364 -0.01128 0.00015 -0.56725 0.82347
1633434245 -0.22319 86.85783 -1.79787 -0.01169 0.00057 -0.57443 0.81847
1633434245 -0.39245 86.80675 -1.79199 -0.01216 0.00076 -0.58172 0.81330
1633434246 -0.55790 86.76025 -1.78626 -0.01244 0.00086 -0.58856 0.80836
1633434246 -0.73080 86.71608 -1.78042 -0.01250 0.00095 -0.59553 0.80323
1633434246 -1.07180 86.64902 -1.77179 -0.01273 0.00082 -0.60904 0.79304
1633434246 -1.24273 86.61492 -1.76596 -0.01290 0.00066 -0.61570 0.78788
1633434246 -1.59194 86.56663 -1.75728 -0.01341 0.00085 -0.62863 0.77759
1633434246 -1.93865 86.52646 -1.74673 -0.01378 0.00128 -0.64137 0.76711
1633434247 -2.28575 86.49569 -1.73377 -0.01416 0.00173 -0.65382 0.75651
1633434247 -2.64013 86.47701 -1.71935 -0.01435 0.00145 -0.66585 0.74595
1633434247 -2.99988 86.46763 -1.70483 -0.01482 0.00179 -0.67783 0.73507
1633434247 -3.36383 86.46924 -1.69057 -0.01542 0.00177 -0.68890 0.72469
1633434247 -3.73490 86.48176 -1.67768 -0.01570 0.00167 -0.69953 0.71442
1633434248 -4.11346 86.50520 -1.66600 -0.01483 0.00123 -0.71000 0.70405
1633434248 -4.44740 86.52452 -1.65758 -0.01447 0.00123 -0.71982 0.69401
1633434248 -4.77695 86.55603 -1.64184 -0.01457 0.00124 -0.72964 0.68367
1633434248 -5.10048 86.59933 -1.62695 -0.01482 0.00076 -0.73967 0.67280
1633434248 -5.41058 86.65403 -1.61405 -0.01531 0.00040 -0.74909 0.66230
1633434249 -5.70673 86.71432 -1.60456 -0.01563 -0.00009 -0.75831 0.65171
1633434249 -5.97806 86.77973 -1.59128 -0.01530 -0.00049 -0.76686 0.64164
1633434249 -6.22612 86.85053 -1.57740 -0.01476 -0.00063 -0.77531 0.63140
1633434249 -6.44494 86.91500 -1.56763 -0.01447 -0.00087 -0.78323 0.62156
1633434249 -6.66230 86.97379 -1.55996 -0.01459 -0.00144 -0.79125 0.61131
1633434250 -6.89696 87.03209 -1.54906 -0.01474 -0.00181 -0.79901 0.60113
1633434250 -7.16184 87.11422 -1.53825 -0.01509 -0.00208 -0.80650 0.59103
1633434250 -7.44264 87.20797 -1.52914 -0.01420 -0.00199 -0.81390 0.58083
1633434250 -7.72060 87.30598 -1.51840 -0.01378 -0.00228 -0.82098 0.57078
1633434250 -8.01580 87.42815 -1.50962 -0.01352 -0.00255 -0.82781 0.56084
1633434251 -8.31535 87.56671 -1.50460 -0.01345 -0.00312 -0.83435 0.55106
1633434251 -8.59059 87.69294 -1.49808 -0.01326 -0.00381 -0.84065 0.54140
1633434251 -8.85789 87.81865 -1.48985 -0.01281 -0.00435 -0.84659 0.53207
1633434251 -9.13679 87.95880 -1.48144 -0.01236 -0.00486 -0.85208 0.52324
1633434251 -9.40256 88.09292 -1.47379 -0.01102 -0.00522 -0.85818 0.51321
1633434252 -9.66480 88.23975 -1.46698 -0.01064 -0.00659 -0.86305 0.50497
1633434252 -10.03453 88.46414 -1.45947 0.01012 0.00817 0.86851 -0.49550
1633434252 -10.34606 88.65808 -1.45309 0.00994 0.00681 0.87285 -0.48785
1633434252 -10.65044 88.86385 -1.44592 0.00921 0.00605 0.87889 -0.47689
1633434253 -10.85199 89.00156 -1.44168 0.00887 0.00742 0.88287 -0.46947
1633434253 -11.04218 89.13582 -1.43730 0.00961 0.00786 0.88694 -0.46172
1633434253 -11.23470 89.26510 -1.43183 0.00938 0.00800 0.89121 -0.45342
1633434253 -11.42243 89.39009 -1.42810 0.00884 0.00813 0.89511 -0.44569
1633434253 -11.61368 89.53510 -1.42708 0.00807 0.00800 0.89909 -0.43761
1633434254 -11.77296 89.63097 -1.42341 0.00752 0.00843 0.90283 -0.42985
1633434254 -12.05296 89.83946 -1.41868 0.00686 0.00896 0.90792 -0.41900
1633434254 -12.35503 90.09294 -1.41114 0.00623 0.00876 0.91301 -0.40781
1633434255 -12.63764 90.36341 -1.41590 0.00510 0.00920 0.91771 -0.39712
1633434255 -12.87767 90.59146 -1.42080 0.00300 0.00968 0.92216 -0.38669
1633434255 -13.08243 90.77875 -1.42530 0.00202 0.00974 0.92561 -0.37836
1633434255 -13.27860 90.96688 -1.43490 0.00174 0.01004 0.92866 -0.37080
1633434256 -13.47249 91.16136 -1.43862 0.00281 0.00994 0.93204 -0.36220
1633434256 -13.69324 91.39191 -1.44182 0.00253 0.01025 0.93571 -0.35262
1633434256 -13.90633 91.62862 -1.44807 0.00039 0.00976 0.93960 -0.34213
1633434257 -14.13980 91.92115 -1.45555 -0.00054 0.00950 0.94319 -0.33213
1633434257 -14.35354 92.18897 -1.45452 -0.00111 0.00919 0.94680 -0.32170
1633434257 -14.58114 92.48351 -1.46049 -0.00198 0.00948 0.95029 -0.31123
1633434258 -14.79151 92.76148 -1.46187 -0.00351 0.00921 0.95353 -0.30115
1633434258 -14.99430 93.04924 -1.46333 -0.00462 0.00898 0.95662 -0.29115
1633434258 -15.18202 93.33317 -1.46589 -0.00424 0.00925 0.95943 -0.28176
1633434258 -15.36361 93.62186 -1.47472 -0.00345 0.00912 0.96203 -0.27277
1633434259 -15.51924 93.84959 -1.48698 -0.00455 0.00965 0.96432 -0.26452
1633434259 -15.65224 94.04487 -1.50077 -0.00615 0.00948 0.96676 -0.25544
1633434259 -15.76948 94.20350 -1.50769 -0.00574 0.00929 0.96901 -0.24678
1633434260 -15.88945 94.41518 -1.50892 -0.00451 0.00959 0.97113 -0.23831
1633434260 -16.00428 94.61923 -1.51617 -0.00449 0.00962 0.97294 -0.23079
1633434260 -16.13560 94.87288 -1.51416 -0.00460 0.00875 0.97486 -0.22260
1633434261 -16.25934 95.08582 -1.50561 -0.00397 0.00790 0.97686 -0.21371
1633434261 -16.38006 95.30959 -1.49455 -0.00409 0.00794 0.97891 -0.20409
1633434262 -16.50850 95.58457 -1.49362 -0.00411 0.00852 0.98083 -0.19463
1633434262 -16.66352 95.97463 -1.50525 -0.00293 0.00779 0.98269 -0.18506
1633434262 -16.76736 96.20750 -1.49521 -0.00247 0.00610 0.98407 -0.17768
1633434263 -16.85602 96.37413 -1.48684 -0.00332 0.00563 0.98552 -0.16946
1633434263 -16.96739 96.66760 -1.48448 -0.00367 0.00565 0.98678 -0.16195
1633434263 -17.12640 97.10389 -1.48241 -0.00365 0.00658 0.98848 -0.15118
1633434264 -17.23672 97.45290 -1.48131 -0.00388 0.00652 0.98995 -0.14120
1633434264 -17.34820 97.83164 -1.48543 -0.00187 0.00498 0.99136 -0.13106
1633434264 -17.42248 98.10903 -1.48584 -0.00209 0.00499 0.99244 -0.12265
1633434264 -17.50275 98.40367 -1.48425 -0.00252 0.00635 0.99338 -0.11467
1633434265 -17.60918 98.85649 -1.48040 -0.00300 0.00572 0.99467 -0.10288
1633434265 -17.68291 99.21531 -1.47816 -0.00349 0.00580 0.99555 -0.09396
1633434265 -17.74264 99.55650 -1.48207 -0.00395 0.00670 0.99639 -0.08453
1633434265 -17.80341 99.89090 -1.48378 -0.00485 0.00706 0.99713 -0.07519
1633434265 -17.85807 100.25490 -1.48331 -0.00540 0.00718 0.99780 -0.06565
1633434266 -17.90154 100.63127 -1.47696 -0.00602 0.00772 0.99839 -0.05587
1633434266 -17.94174 100.98890 -1.47557 -0.00648 0.00852 0.99878 -0.04811
1633434266 -17.98891 101.51186 -1.47896 -0.00702 0.00857 0.99929 -0.03600
1633434266 -18.01566 101.84393 -1.48306 -0.00747 0.00820 0.99956 -0.02755
1633434266 -18.01279 102.18924 -1.46562 -0.00782 0.00801 0.99976 -0.01884
1633434267 -18.04389 102.55263 -1.48449 -0.00846 0.00839 0.99988 -0.01036
1633434267 -18.06818 102.87331 -1.49514 -0.00922 0.00826 0.99992 -0.00192
1633434267 -18.06845 103.19800 -1.50092 -0.00983 0.00814 0.99990 0.00624
1633434267 -18.06912 103.49033 -1.51032 -0.01053 0.00797 0.99982 0.01396
1633434268 -18.07471 103.94532 -1.51597 -0.01105 0.00799 0.99959 0.02505
1633434268 -18.07052 104.40077 -1.51740 -0.01048 0.00745 0.99929 0.03536
1633434268 -18.05268 104.86708 -1.51625 -0.01066 0.00795 0.99890 0.04496
1633434268 -18.02550 105.31225 -1.51924 -0.01168 0.00795 0.99842 0.05446
1633434269 -17.97096 105.72753 -1.53497 -0.01229 0.00711 0.99768 0.06652
1633434269 -17.95621 105.97743 -1.53608 -0.01208 0.00633 0.99713 0.07448
1633434269 -17.92459 106.24616 -1.54390 -0.01214 0.00654 0.99647 0.08278
1633434269 -17.89379 106.47269 -1.52449 -0.01239 0.00652 0.99580 0.09049
1633434270 -17.83102 106.83509 -1.52837 -0.01253 0.00611 0.99504 0.09850
1633434270 -17.73876 107.39044 -1.52095 -0.01322 0.00564 0.99416 0.10698
1633434270 -17.62718 107.97805 -1.52416 -0.01395 0.00679 0.99322 0.11525
1633434271 -17.49803 108.53770 -1.51685 -0.01411 0.00350 0.99234 0.12267
1633434271 -17.40802 108.98660 -1.51095 -0.01421 0.00394 0.99158 0.12864
1633434272 -17.25650 109.58507 -1.52315 -0.01410 0.00484 0.99072 0.13509
1633434272 -17.07111 110.34732 -1.51251 -0.01347 0.00410 0.98967 0.14264
1633434273 -16.81051 111.28561 -1.52105 -0.01307 0.00534 0.98875 0.14891
1633434273 -16.55429 112.23719 -1.51407 -0.01200 0.00603 0.98793 0.15432
1633434274 -16.18331 113.50973 -1.52418 -0.01018 0.00614 0.98722 0.15890
1633434275 -15.76814 114.97090 -1.52430 -0.00872 0.00859 0.98673 0.16188
1633434276 -15.50458 115.88967 -1.53391 -0.00574 0.00761 0.98647 0.16369
1633434276 -15.14700 117.08696 -1.51352 -0.00382 0.00982 0.98522 0.17097
1633434277 -14.90658 117.88652 -1.53496 -0.00087 0.00870 0.98375 0.17931
1633434278 -14.63977 118.74748 -1.54074 0.00005 0.00998 0.98179 0.18968
1633434278 -14.44562 119.27948 -1.57206 0.00308 0.00729 0.98034 0.19717
1633434279 -14.19318 119.99229 -1.56990 0.00297 0.00947 0.97861 0.20547
1633434279 -13.95116 120.58276 -1.58836 0.00475 0.00754 0.97706 0.21280
1633434280 -13.70517 121.19187 -1.57616 0.00589 0.00852 0.97532 0.22055
1633434280 -13.38552 121.93567 -1.56658 0.00750 0.00694 0.97343 0.22875
1633434281 -13.10076 122.58327 -1.58884 0.00857 0.00785 0.97209 0.23434
1633434281 -12.62971 123.59458 -1.59601 0.00957 0.00829 0.97032 0.24149
1633434282 -12.32011 124.23692 -1.62558 0.01100 0.00770 0.96883 0.24737
1633434283 -11.79337 125.27569 -1.64933 0.01223 0.00743 0.96733 0.25312
1633434294 -12.33642 124.22465 -1.60733 0.00891 0.00668 0.96741 0.25297
1633434294 -12.58115 123.76377 -1.58470 0.00804 0.00892 0.96940 0.24520
1633434295 -12.78481 123.39966 -1.58777 0.00849 0.00904 0.97150 0.23673
1633434295 -13.01305 122.98583 -1.56470 0.00751 0.01023 0.97348 0.22842
1633434296 -13.16271 122.69881 -1.56839 0.00829 0.00949 0.97538 0.22015
1633434296 -13.32855 122.38838 -1.55522 0.00702 0.01056 0.97733 0.21135
1633434296 -13.46183 122.12341 -1.56292 0.00796 0.00967 0.97921 0.20245
1633434297 -13.62668 121.77190 -1.55407 0.00765 0.00929 0.98096 0.19385
1633434297 -13.79060 121.38463 -1.55868 0.00708 0.00935 0.98287 0.18392
1633434298 -13.99951 120.91544 -1.53694 0.00584 0.00966 0.98465 0.17419
1633434299 -14.22247 120.30383 -1.53182 0.00543 0.00933 0.98630 0.16464
1633434300 -14.48675 119.42320 -1.51632 0.00482 0.00980 0.98753 0.15708
1633434302 -14.86967 118.02107 -1.49432 0.00437 0.00998 0.98772 0.15583
1633434303 -15.21071 116.66662 -1.47755 0.00243 0.00960 0.98749 0.15739
1633434305 -15.47946 115.60023 -1.47462 -0.00036 0.00899 0.98678 0.16183
1633434306 -15.74138 114.56921 -1.46088 -0.00430 0.00845 0.98603 0.16627
1633434308 -16.19763 112.94356 -1.45008 -0.00682 0.00755 0.98684 0.16141
1633434309 -16.39441 112.25958 -1.45360 -0.00645 0.00683 0.98828 0.15235
1633434310 -16.54329 111.73244 -1.45510 -0.00711 0.00668 0.98979 0.14218
1633434311 -16.69546 111.17072 -1.43325 -0.00750 0.00637 0.99119 0.13208
1633434311 -16.85041 110.59192 -1.42098 -0.00800 0.00613 0.99246 0.12217
1633434312 -17.10289 109.62745 -1.39370 -0.00815 0.00613 0.99346 0.11374
1633434315 -17.45186 107.81622 -1.36110 -0.00850 0.00569 0.99310 0.11684
1633434316 -17.58221 106.99005 -1.35383 -0.00814 0.00628 0.99242 0.12243
1633434317 -17.62226 106.29826 -1.35860 -0.00783 0.00722 0.99173 0.12792
1633434318 -17.78419 105.27923 -1.34910 -0.00748 0.00779 0.99104 0.13315
1633434320 -17.99816 104.15033 -1.33983 -0.00653 0.00675 0.99040 0.13788
1633434322 -18.33490 102.44176 -1.33945 -0.00402 0.00703 0.99030 0.13868
1633434324 -18.75044 100.53429 -1.33619 -0.00345 0.00669 0.99036 0.13830
1633434326 -19.11224 98.93845 -1.30814 -0.00391 0.00515 0.99098 0.13384
1633434329 -19.54128 96.98460 -1.31374 -0.00541 0.00356 0.99083 0.13497
1633434331 -19.90079 95.43928 -1.28487 -0.00545 0.00432 0.99033 0.13856
1633434332 -20.15341 94.36529 -1.28049 -0.00718 0.00555 0.98957 0.14376
1633434334 -20.45213 93.22196 -1.28269 -0.00735 0.00427 0.98882 0.14885
1633434336 -20.87137 91.66859 -1.27439 -0.00849 0.00478 0.98883 0.14872
1633434339 -21.21515 90.32912 -1.36092 -0.00780 0.00842 0.98919 0.14620
1633434354 -21.21906 90.33968 -1.32362 -0.00058 -0.00049 0.98916 0.14684
1633434355 -21.04230 91.06533 -1.33268 0.00036 -0.00739 0.98922 0.14623
1633434356 -20.84280 91.89879 -1.35817 -0.00407 -0.00391 0.99005 0.14061
1633434357 -20.41489 93.86794 -1.41619 -0.00506 0.00207 0.99040 0.13810
1633434358 -19.98031 96.13574 -1.58591 -0.00429 0.00121 0.99028 0.13904
1633434360 -19.48113 98.32403 -1.44861 -0.00377 0.00205 0.99002 0.14089
1633434361 -19.10109 99.89492 -1.37181 -0.00131 0.00439 0.98996 0.14126
1633434362 -18.60243 102.23608 -1.36974 -0.00304 0.00677 0.98965 0.14328
1633434363 -18.29301 103.40692 -1.32538 -0.00479 0.00580 0.98890 0.14840
1633434364 -18.03108 104.59860 -1.35392 -0.00644 0.00780 0.98804 0.15385
1633434364 -17.81310 105.32932 -1.34157 -0.00655 0.00502 0.98707 0.16008
1633434365 -17.58095 105.96403 -1.31111 -0.00701 0.00694 0.98522 0.17101
1633434365 -17.45414 106.20657 -1.30249 -0.00601 0.00662 0.98393 0.17834
1633434365 -17.32381 106.45215 -1.27415 -0.00517 0.00464 0.98255 0.18588
1633434366 -17.13590 106.97704 -1.24316 -0.00527 0.00501 0.98091 0.19431
1633434366 -16.94952 107.38518 -1.22878 -0.00507 0.00740 0.97876 0.20482
1633434366 -16.76227 107.80431 -1.23350 -0.00341 0.00868 0.97623 0.21656
1633434366 -16.63054 108.07952 -1.24358 -0.00221 0.00840 0.97442 0.22455
1633434367 -16.48902 108.38900 -1.22785 -0.00192 0.00730 0.97239 0.23325
1633434367 -16.29421 108.73025 -1.22687 -0.00247 0.00759 0.97004 0.24283
1633434367 -16.10086 109.06666 -1.21656 -0.00267 0.01009 0.96734 0.25328
1633434367 -15.90967 109.39229 -1.20693 -0.00258 0.01145 0.96453 0.26372
1633434367 -15.68526 109.76598 -1.19167 -0.00230 0.01197 0.96135 0.27507
1633434368 -15.46599 110.07818 -1.19745 -0.00026 0.01264 0.95794 0.28669
1633434368 -15.25211 110.36278 -1.21124 0.00237 0.01341 0.95412 0.29911
1633434368 -15.00138 110.69701 -1.20712 0.00443 0.01279 0.95001 0.31192
1633434368 -14.72923 111.03453 -1.20415 0.00597 0.01277 0.94568 0.32480
1633434368 -14.44086 111.37353 -1.20257 0.00691 0.01318 0.94110 0.33780
1633434369 -14.14261 111.70668 -1.20820 0.00673 0.01388 0.93603 0.35158
1633434369 -13.82485 112.04333 -1.21774 0.00527 0.01608 0.92974 0.36783
1633434369 -13.65551 112.20320 -1.22361 0.00508 0.01711 0.92611 0.37684
1633434369 -13.48592 112.35287 -1.22246 0.00497 0.01755 0.92252 0.38551
1633434369 -13.30825 112.50737 -1.22226 0.00545 0.01730 0.91876 0.39441
1633434369 -13.13720 112.64712 -1.22420 0.00603 0.01681 0.91523 0.40252
1633434369 -12.96307 112.78711 -1.22625 0.00681 0.01651 0.91164 0.41060
1633434369 -12.79169 112.92149 -1.23034 0.00710 0.01660 0.90796 0.41867
1633434370 -12.61373 113.05516 -1.23650 0.00678 0.01723 0.90379 0.42757
1633434370 -12.43616 113.18107 -1.24347 0.00613 0.01805 0.89939 0.43674
1633434370 -12.25095 113.30648 -1.25196 0.00609 0.01823 0.89488 0.44590
1633434370 -12.07535 113.42113 -1.25882 0.00640 0.01812 0.89065 0.45428
1633434370 -11.89555 113.53485 -1.26495 0.00662 0.01781 0.88628 0.46276
1633434370 -11.71664 113.64283 -1.27023 0.00664 0.01742 0.88180 0.47126
1633434370 -11.52881 113.75369 -1.27385 0.00720 0.01729 0.87685 0.48040
1633434370 -11.34010 113.85847 -1.27750 0.00832 0.01727 0.87203 0.48907
1633434370 -11.14897 113.95769 -1.28365 0.00920 0.01711 0.86721 0.49756
1633434370 -10.96779 114.04820 -1.28962 0.00992 0.01693 0.86237 0.50591
1633434371 -10.78465 114.13737 -1.29357 0.01032 0.01692 0.85715 0.51468
1633434371 -10.60966 114.21736 -1.29744 0.01020 0.01652 0.85194 0.52328
1633434371 -10.25258 114.37378 -1.30861 0.00966 0.01525 0.84150 0.53995
1633434371 -10.07711 114.44016 -1.31248 0.00917 0.01487 0.83598 0.54848
1633434371 -9.91234 114.49856 -1.31425 0.00888 0.01507 0.83061 0.55658
1633434371 -9.73914 114.55645 -1.31618 0.00873 0.01540 0.82511 0.56470
1633434371 -9.57267 114.60738 -1.31745 0.00867 0.01545 0.81967 0.57256
1633434371 -9.40115 114.65692 -1.31796 0.00854 0.01562 0.81380 0.58087
1633434371 -9.24341 114.69767 -1.31718 0.00838 0.01582 0.80808 0.58880
1633434372 -8.92345 114.78196 -1.31763 0.00836 0.01595 0.79653 0.60432
1633434372 -8.62915 114.84498 -1.31295 0.00787 0.01543 0.78493 0.61934
1633434372 -8.47957 114.87025 -1.31231 0.00752 0.01554 0.77880 0.62704
1633434372 -8.17998 114.92565 -1.31608 0.00722 0.01596 0.76669 0.64178
1633434372 -8.03713 114.94095 -1.31497 0.00693 0.01631 0.76055 0.64904
1633434372 -7.89288 114.95383 -1.31350 0.00645 0.01671 0.75416 0.65645
1633434372 -7.75110 114.96496 -1.31030 0.00635 0.01694 0.74780 0.66368
1633434373 -7.60475 114.97470 -1.30650 0.00649 0.01712 0.74135 0.67086
1633434373 -7.46551 114.98145 -1.30316 0.00654 0.01732 0.73505 0.67775
1633434373 -7.31828 114.98652 -1.30077 0.00655 0.01758 0.72836 0.68494
1633434373 -7.17257 114.98718 -1.29952 0.00648 0.01746 0.72166 0.69200
1633434373 -6.86014 114.98467 -1.30368 0.00573 0.01706 0.70797 0.70602
1633434373 -6.53305 114.96944 -1.31431 0.00620 0.01626 0.69399 0.71978
1633434373 -6.18279 114.94561 -1.32527 0.00666 0.01642 0.67958 0.73339
1633434374 -5.99745 114.92454 -1.32872 0.00672 0.01680 0.67202 0.74031
1633434374 -5.63283 114.88257 -1.33076 0.00733 0.01735 0.65711 0.75356
1633434374 -5.46681 114.85197 -1.32813 0.00734 0.01773 0.64967 0.75997
1633434374 -5.30184 114.82074 -1.32476 0.00731 0.01808 0.64199 0.76647
1633434374 -4.99351 114.75179 -1.32269 0.00702 0.01817 0.62655 0.77914
1633434374 -4.70619 114.66511 -1.32302 0.00641 0.01842 0.61089 0.79147
1633434374 -4.56927 114.61351 -1.32388 0.00592 0.01869 0.60325 0.79731
1633434375 -4.29471 114.51457 -1.33018 0.00581 0.01819 0.58726 0.80917
1633434375 -4.01723 114.40054 -1.33547 0.00484 0.01754 0.57125 0.82057
1633434375 -3.72575 114.26860 -1.33929 0.00401 0.01768 0.55448 0.83200
1633434375 -3.57854 114.19338 -1.33933 0.00415 0.01801 0.54563 0.83782
1633434375 -3.27874 114.04007 -1.34166 0.00420 0.01821 0.52842 0.84878
1633434375 -3.13201 113.95173 -1.34197 0.00407 0.01797 0.52002 0.85395
1633434376 -2.98489 113.85760 -1.34208 0.00393 0.01766 0.51142 0.85914
1633434376 -2.84034 113.76126 -1.34263 0.00370 0.01729 0.50297 0.86412
1633434376 -2.69270 113.65989 -1.34251 0.00356 0.01730 0.49423 0.86915
1633434376 -2.54944 113.55678 -1.34177 0.00342 0.01755 0.48540 0.87411
1633434376 -2.27647 113.35377 -1.34426 0.00313 0.01834 0.46718 0.88396
1633434376 -2.02557 113.14541 -1.34495 0.00306 0.01865 0.44916 0.89325
1633434376 -1.79103 112.93517 -1.34071 0.00278 0.01812 0.43113 0.90210
1633434377 -1.67767 112.82063 -1.33739 0.00237 0.01793 0.42201 0.90641
1633434377 -1.45510 112.59074 -1.33531 0.00215 0.01785 0.40293 0.91506
1633434377 -1.34571 112.46637 -1.33498 0.00229 0.01794 0.39328 0.91924
1633434377 -1.23559 112.33725 -1.33475 0.00247 0.01784 0.38353 0.92335
1633434377 -1.01536 112.07507 -1.33500 0.00225 0.01752 0.36464 0.93098
1633434377 -0.79348 111.78982 -1.33383 0.00165 0.01720 0.34549 0.93826
1633434377 -0.68332 111.63499 -1.33168 0.00129 0.01737 0.33577 0.94178
1633434378 -0.57602 111.47642 -1.33001 0.00100 0.01765 0.32588 0.94524
1633434378 -0.47579 111.32358 -1.32926 0.00085 0.01774 0.31605 0.94858
1633434378 -0.27897 111.00089 -1.33129 0.00080 0.01735 0.29666 0.95482
1633434378 -0.18502 110.82995 -1.33049 0.00060 0.01711 0.28693 0.95780
1633434378 -0.09839 110.66214 -1.32821 0.00021 0.01688 0.27722 0.96066
1633434378 -0.01787 110.49688 -1.32401 -0.00015 0.01658 0.26736 0.96345
1633434378 0.05603 110.33675 -1.31892 -0.00044 0.01654 0.25772 0.96608
1633434378 0.12514 110.18013 -1.31416 -0.00061 0.01658 0.24796 0.96863
1633434378 0.18950 110.02720 -1.31027 -0.00079 0.01670 0.23822 0.97107
1633434379 0.31068 109.73230 -1.30626 -0.00118 0.01692 0.21889 0.97560
1633434379 0.36551 109.57987 -1.30283 -0.00143 0.01700 0.20919 0.97773
1633434379 0.41557 109.43193 -1.29863 -0.00177 0.01684 0.19942 0.97977
1633434379 0.50662 109.15233 -1.29000 -0.00227 0.01658 0.17999 0.98353
1633434379 0.55180 109.00434 -1.28561 -0.00226 0.01652 0.17025 0.98526
1633434379 0.63789 108.70228 -1.28078 -0.00233 0.01671 0.15080 0.98842
1633434379 0.67944 108.53604 -1.27708 -0.00229 0.01658 0.14116 0.98985
1633434380 0.71898 108.36406 -1.27310 -0.00231 0.01663 0.13157 0.99116
1633434380 0.75634 108.18980 -1.26921 -0.00233 0.01667 0.12194 0.99239
1633434380 0.79056 108.02271 -1.26484 -0.00234 0.01681 0.11233 0.99353
1633434380 0.84215 107.69439 -1.25684 -0.00227 0.01647 0.09336 0.99549
1633434380 0.86237 107.53268 -1.25260 -0.00234 0.01628 0.08387 0.99634
1633434380 0.87947 107.37741 -1.24827 -0.00248 0.01609 0.07435 0.99710
1633434380 0.89315 107.22969 -1.24353 -0.00268 0.01594 0.06490 0.99776
1633434380 0.90473 107.08628 -1.23820 -0.00282 0.01577 0.05549 0.99833
1633434380 0.91425 106.94626 -1.23334 -0.00303 0.01560 0.04635 0.99880
1633434381 0.92186 106.80733 -1.22886 -0.00315 0.01544 0.03720 0.99918
1633434381 0.92787 106.66467 -1.22445 -0.00322 0.01531 0.02811 0.99948
1633434381 0.93112 106.51757 -1.22043 -0.00336 0.01518 0.01910 0.99970
1633434381 0.93151 106.36622 -1.21627 -0.00345 0.01504 0.01010 0.99983
1633434381 0.93026 106.21694 -1.21167 -0.00349 0.01481 0.00129 0.99988
1633434381 0.92557 106.06485 -1.20671 -0.00354 0.01458 -0.00732 0.99986
1633434381 0.91865 105.91396 -1.20126 -0.00355 0.01449 -0.01566 0.99977
1633434381 0.90996 105.76726 -1.19573 -0.00346 0.01435 -0.02375 0.99961
1633434381 0.89944 105.62040 -1.19056 -0.00345 0.01427 -0.03165 0.99939
1633434381 0.88438 105.47534 -1.18551 -0.00346 0.01410 -0.03917 0.99913
1633434382 0.84965 105.20199 -1.17668 -0.00371 0.01374 -0.05356 0.99846
1633434382 0.80881 104.93818 -1.16682 -0.00412 0.01373 -0.06710 0.99764
1633434382 0.76494 104.68589 -1.15750 -0.00414 0.01355 -0.07969 0.99672
1633434382 0.71849 104.44721 -1.14717 -0.00428 0.01322 -0.09112 0.99574
1633434382 0.66733 104.21149 -1.13626 -0.00478 0.01303 -0.10134 0.99475
1633434383 0.60863 103.97125 -1.12545 -0.00521 0.01291 -0.11059 0.99377
1633434383 0.53773 103.72395 -1.11421 -0.00536 0.01280 -0.11957 0.99273
1633434383 0.45699 103.47119 -1.10170 -0.00584 0.01240 -0.12718 0.99179
1633434383 0.31346 103.06146 -1.08349 -0.00600 0.01215 -0.13794 0.99035
1633434384 0.19436 102.70220 -1.06455 -0.00633 0.01210 -0.14689 0.98906
1633434384 0.06834 102.33675 -1.04614 -0.00679 0.01202 -0.15472 0.98786
1633434384 -0.10238 101.84641 -1.02362 -0.00745 0.01147 -0.16261 0.98659
1633434385 -0.30380 101.23244 -0.99420 -0.00804 0.01138 -0.16761 0.98576
1633434386 -0.66221 100.07441 -0.94219 -0.00886 0.01119 -0.16393 0.98637
1633434386 -0.83500 99.49119 -0.92433 -0.00907 0.01134 -0.15722 0.98746
1633434387 -0.95864 98.94104 -0.91037 -0.00858 0.01224 -0.15086 0.98844
1633434387 -1.25142 97.87651 -0.86852 -0.00807 0.01204 -0.15887 0.98719
1633434388 -1.37538 97.50120 -0.86009 -0.00789 0.01223 -0.16811 0.98566
1633434388 -1.48600 97.09116 -0.85412 -0.00900 0.01210 -0.17844 0.98384
1633434388 -1.61518 96.74201 -0.84248 -0.00884 0.01143 -0.18628 0.98239
1633434389 -1.87391 95.95534 -0.81891 -0.00893 0.01177 -0.18876 0.98191
1633434389 -2.13173 95.10595 -0.79544 -0.00890 0.01140 -0.18335 0.98294
1633434390 -2.45479 94.01721 -0.76879 -0.00802 0.01281 -0.18831 0.98199
1633434390 -2.61242 93.51568 -0.74993 -0.00921 0.01227 -0.19763 0.98016
1633434391 -2.74725 93.15510 -0.73681 -0.00886 0.01204 -0.20507 0.97863
1633434391 -2.89348 92.82920 -0.72325 -0.00893 0.01211 -0.21373 0.97678
1633434391 -3.03913 92.53057 -0.70975 -0.00993 0.01155 -0.22085 0.97519
1633434391 -3.28862 91.98475 -0.68811 -0.00942 0.01143 -0.22921 0.97326
1633434392 -3.57344 91.38925 -0.66882 -0.00922 0.01140 -0.23752 0.97127
1633434392 -3.87181 90.78028 -0.64839 -0.00941 0.01100 -0.24601 0.96916
1633434392 -4.19413 90.13232 -0.62697 -0.00930 0.01035 -0.25435 0.96701
1633434393 -4.54530 89.46771 -0.60529 -0.00990 0.01062 -0.26266 0.96478
1633434393 -5.08419 88.52834 -0.56947 -0.00952 0.01052 -0.27184 0.96224
1633434393 -5.80414 87.26958 -0.53226 -0.00962 0.01073 -0.27847 0.96034
1633434394 -6.56661 85.96436 -0.48817 -0.01046 0.01000 -0.28081 0.95965
1633434395 -7.50211 84.28241 -0.42510 -0.01248 0.00821 -0.27558 0.96116
1633434395 -7.99765 83.39790 -0.40091 -0.01173 0.00734 -0.26671 0.96368
1633434395 -8.49996 82.45360 -0.37220 -0.01091 0.00784 -0.25517 0.96680
1633434395 -8.82590 81.81524 -0.35713 -0.01005 0.00749 -0.24577 0.96925
1633434396 -9.14582 81.16753 -0.34404 -0.00851 0.00716 -0.23584 0.97173
1633434396 -9.42525 80.54487 -0.32924 -0.00783 0.00669 -0.22472 0.97437
1633434396 -9.68105 79.91360 -0.31816 -0.00730 0.00647 -0.21271 0.97707
1633434396 -9.90227 79.29824 -0.30648 -0.00653 0.00685 -0.19979 0.97979
1633434396 -10.10254 78.68590 -0.29528 -0.00607 0.00728 -0.18638 0.98243
1633434397 -10.28109 78.07076 -0.28483 -0.00527 0.00687 -0.17289 0.98490
1633434397 -10.44372 77.44921 -0.27939 -0.00385 0.00675 -0.15943 0.98718
1633434397 -10.57257 76.86121 -0.27126 -0.00322 0.00571 -0.14569 0.98931
1633434397 -10.66933 76.29772 -0.26628 -0.00285 0.00581 -0.13195 0.99124
1633434397 -10.74919 75.74818 -0.26598 -0.00202 0.00588 -0.11853 0.99293
1633434398 -10.81214 75.20480 -0.26508 -0.00123 0.00577 -0.10490 0.99446
1633434398 -10.86317 74.66278 -0.26692 -0.00032 0.00503 -0.09092 0.99585
1633434398 -10.90130 74.12161 -0.27053 0.00036 0.00390 -0.07729 0.99700
1633434398 -10.92798 73.57198 -0.27260 0.00097 0.00215 -0.06287 0.99802
1633434398 -10.92780 73.06463 -0.27897 0.00192 0.00189 -0.04768 0.99886
1633434399 -10.91861 72.60744 -0.28203 0.00266 0.00221 -0.03453 0.99940
1633434399 -10.90375 72.17939 -0.28407 0.00252 0.00232 -0.02480 0.99969
1633434399 -10.88432 71.76896 -0.28775 0.00189 0.00073 -0.01497 0.99989
1633434399 -10.85904 71.36363 -0.29344 0.00184 -0.00125 -0.00663 0.99998
1633434399 -10.80327 70.78206 -0.30430 0.00185 -0.00308 0.00566 0.99998
1633434400 -10.72630 70.22769 -0.31500 0.00140 -0.00191 0.01773 0.99984
1633434400 -10.63925 69.68353 -0.32692 0.00098 -0.00078 0.02926 0.99957
1633434400 -10.54192 69.14892 -0.33916 -0.00121 -0.00221 0.03987 0.99920
1633434401 -10.46877 68.75622 -0.34315 -0.00282 -0.00408 0.04723 0.99887
1633434401 -10.39245 68.32488 -0.34674 -0.00172 -0.00511 0.05483 0.99848
1633434401 -10.24914 67.63527 -0.35273 -0.00189 -0.00467 0.06604 0.99780
1633434401 -10.07417 66.85854 -0.35822 -0.00278 -0.00459 0.07774 0.99696
1633434402 -9.95193 66.29432 -0.35626 -0.00197 -0.00453 0.08535 0.99634
1633434402 -9.72553 65.38665 -0.35752 -0.00217 -0.00451 0.09672 0.99530
1633434402 -9.46379 64.42650 -0.35688 -0.00211 -0.00478 0.10755 0.99419
1633434402 -9.16771 63.42370 -0.35864 -0.00147 -0.00537 0.11756 0.99305
1633434403 -8.83762 62.37975 -0.35520 -0.00141 -0.00655 0.12661 0.99193
1633434403 -8.34370 60.92482 -0.37178 -0.00027 -0.00745 0.13770 0.99045
1633434404 -7.81188 59.44657 -0.38998 0.00159 -0.00662 0.14716 0.98909
1633434404 -7.25122 57.97865 -0.41163 0.00149 -0.00615 0.15487 0.98792
1633434404 -6.66527 56.53544 -0.44301 0.00103 -0.00585 0.16157 0.98684
1633434405 -5.78625 54.41493 -0.48005 -0.00002 -0.00537 0.16814 0.98575
1633434405 -5.00776 52.58561 -0.51289 -0.00172 -0.00616 0.16998 0.98543
1633434406 -3.97915 50.15593 -0.55434 -0.00044 -0.00477 0.16826 0.98573
1633434407 -3.02992 47.92145 -0.57093 -0.00163 -0.00448 0.16296 0.98662
1633434407 -2.48207 46.50229 -0.57817 -0.00381 -0.00439 0.15724 0.98754
1633434407 -1.72541 44.56328 -0.56632 -0.00378 -0.00471 0.15025 0.98863
1633434408 -0.99114 42.58408 -0.55756 -0.00204 -0.00627 0.14356 0.98962
1633434408 -0.47382 41.10939 -0.54612 -0.00389 -0.00565 0.13843 0.99035
1633434408 0.02763 39.64301 -0.51909 -0.00335 -0.00488 0.13256 0.99116
1633434409 0.50928 38.19328 -0.49699 -0.00347 -0.00438 0.12663 0.99193
1633434409 0.93134 36.77396 -0.50854 -0.00220 -0.00662 0.12044 0.99270
1633434409 1.34945 35.34957 -0.51380 -0.00225 -0.00715 0.11334 0.99353
1633434409 1.67228 34.01544 -0.51365 -0.00136 -0.00911 0.10692 0.99422
1633434410 2.09374 32.28331 -0.52148 0.00025 -0.00767 0.09799 0.99516
1633434410 2.48647 30.56578 -0.52116 0.00127 -0.00741 0.08993 0.99592
1633434411 2.75107 29.33384 -0.52232 0.00145 -0.00728 0.08378 0.99646
1633434411 3.02124 27.85487 -0.52054 0.00140 -0.00765 0.07706 0.99700
1633434411 3.27221 26.45563 -0.53422 0.00104 -0.00842 0.07066 0.99746
1633434412 3.51740 24.84324 -0.53575 0.00000 -0.00912 0.06277 0.99799
1633434412 3.70102 23.33194 -0.53204 0.00021 -0.00918 0.05548 0.99842
1633434413 3.87804 21.84997 -0.52158 0.00013 -0.00893 0.04724 0.99884
1633434413 4.02629 20.63594 -0.50360 -0.00023 -0.00946 0.04004 0.99915
1633434414 4.18321 19.20350 -0.47387 -0.00049 -0.00907 0.03086 0.99948
1633434414 4.30406 17.86235 -0.43129 -0.00093 -0.00955 0.02092 0.99974
1633434415 4.37876 16.83998 -0.38668 -0.00157 -0.00932 0.01275 0.99987
1633434415 4.45428 15.82383 -0.33971 -0.00142 -0.00873 0.00430 0.99995
1633434415 4.52264 14.77355 -0.29706 -0.00130 -0.00880 -0.00521 0.99995
1633434416 4.56027 13.95962 -0.29320 -0.00145 -0.00828 -0.01297 0.99988
1633434416 4.57802 13.20338 -0.28014 -0.00154 -0.00753 -0.02085 0.99975
1633434416 4.56129 12.53692 -0.26637 -0.00136 -0.00714 -0.02866 0.99956
1633434417 4.53684 11.80742 -0.25117 -0.00267 -0.00736 -0.03654 0.99930
1633434417 4.49655 11.08591 -0.23884 -0.00211 -0.00649 -0.04526 0.99895
1633434417 4.44662 10.32369 -0.23356 -0.00315 -0.00593 -0.05409 0.99851
1633434418 4.38226 9.54328 -0.22804 -0.00324 -0.00565 -0.06304 0.99799
1633434418 4.29935 8.80789 -0.22077 -0.00401 -0.00568 -0.07096 0.99745
1633434418 4.20947 8.08920 -0.21399 -0.00389 -0.00498 -0.07724 0.99699
1633434419 4.08219 7.10475 -0.20096 -0.00384 -0.00381 -0.08384 0.99646
1633434419 3.93888 6.11108 -0.19415 -0.00347 -0.00324 -0.08931 0.99599
1633434419 3.78650 5.08600 -0.18679 -0.00306 -0.00166 -0.09374 0.99559
1633434420 3.62806 4.06311 -0.16918 -0.00244 -0.00055 -0.09765 0.99522
1633434420 3.46109 3.07867 -0.16523 -0.00186 0.00032 -0.10183 0.99480
1633434421 3.30552 2.15278 -0.15027 -0.00118 0.00199 -0.10791 0.99416
1633434421 3.17240 1.49329 -0.14573 -0.00084 0.00308 -0.11437 0.99343
1633434421 3.02986 0.78610 -0.13833 -0.00033 0.00437 -0.12324 0.99237
1633434421 2.91845 0.26071 -0.13619 0.00004 0.00517 -0.13049 0.99144
1633434422 2.78440 -0.33682 -0.13179 0.00034 0.00580 -0.13915 0.99025
1633434422 2.63240 -0.98073 -0.12985 0.00072 0.00624 -0.14891 0.98883
1633434422 2.45677 -1.63571 -0.12491 0.00110 0.00647 -0.15981 0.98713
1633434422 2.27831 -2.29402 -0.12215 0.00120 0.00671 -0.17165 0.98513
1633434422 2.08527 -2.90101 -0.11975 0.00120 0.00692 -0.18433 0.98284
1633434423 1.89316 -3.44294 -0.11574 0.00147 0.00720 -0.19743 0.98029
1633434423 1.68850 -3.94862 -0.11050 0.00140 0.00709 -0.21065 0.97754
1633434423 1.47859 -4.43264 -0.11170 0.00134 0.00731 -0.22387 0.97459
1633434423 1.25228 -4.90917 -0.11469 0.00161 0.00755 -0.23724 0.97142
1633434423 1.01984 -5.31637 -0.10786 0.00261 0.00747 -0.25212 0.96766
1633434424 0.80802 -5.70012 -0.10444 0.00238 0.00585 -0.26421 0.96444
1633434424 0.60552 -6.04575 -0.10223 0.00124 0.00465 -0.27308 0.96198
1633434424 0.39168 -6.39059 -0.10152 0.00023 0.00448 -0.28210 0.95937
1633434424 0.18944 -6.70429 -0.09322 -0.00019 0.00425 -0.28880 0.95738
1633434424 -0.10690 -7.17347 -0.08947 -0.00039 0.00421 -0.29674 0.95495
1633434425 -0.38995 -7.58779 -0.08388 -0.00076 0.00370 -0.30470 0.95244
1633434425 -0.66367 -7.96222 -0.07403 -0.00122 0.00264 -0.31053 0.95056
1633434425 -0.97771 -8.41590 -0.06732 -0.00121 0.00202 -0.31621 0.94869
1633434426 -1.32916 -8.88032 -0.05243 -0.00156 0.00153 -0.32154 0.94689
1633434427 -1.71108 -9.40864 -0.02738 -0.00207 0.00004 -0.32577 0.94545
1633434427 -2.08093 -9.88277 -0.01072 -0.00151 -0.00231 -0.32904 0.94431
1633434428 -2.07625 -9.87364 0.02681 -0.00284 -0.00202 -0.32826 0.94458
