1633433987 0.42715 -2.27608 0.02527 -0.00506 -0.01892 -0.10727 0.99404
1633433988 0.37284 -2.55744 0.03052 -0.00203 -0.02244 -0.11524 0.99308
1633433988 0.39279 -2.67930 0.03433 -0.00215 -0.02665 -0.12317 0.99203
1633433989 0.37290 -2.89631 0.03398 0.00157 -0.03171 -0.13086 0.99089
1633433989 0.33926 -3.19088 0.02479 0.00735 -0.03067 -0.13858 0.98985
1633433989 0.32743 -3.34983 0.01462 0.01081 -0.02186 -0.14611 0.98897
1633433990 0.29700 -3.59129 0.01765 0.01098 -0.01254 -0.15397 0.98794
1633433990 0.24842 -3.85057 0.01961 0.01040 -0.01044 -0.16164 0.98674
1633433991 0.19584 -4.10683 0.01998 0.00910 -0.01034 -0.16901 0.98552
1633433991 0.14043 -4.38650 0.02481 0.00928 -0.01155 -0.17699 0.98410
1633433992 0.08402 -4.68167 0.02862 0.00836 -0.01241 -0.18347 0.98291
1633433992 0.02833 -4.99658 0.04595 0.00828 -0.01238 -0.18875 0.98191
1633433993 -0.07479 -5.41307 0.06607 0.00760 -0.01535 -0.19273 0.98110
1633433995 -0.39252 -6.17091 0.08979 0.00769 -0.01962 -0.19451 0.98067
1633433996 -0.77235 -7.01802 0.13193 0.00708 -0.01955 -0.19423 0.98073
1633433997 -0.93720 -7.17436 0.16289 0.00874 -0.02057 -0.19374 0.98080
1633433997 -0.94839 -7.15614 0.18882 0.00551 -0.01835 -0.19428 0.98076
1633434010 -6.09382 -7.65867 -0.48907 -0.01561 -0.00476 -0.04901 0.99866
1633434011 -3.99044 -7.65515 -0.38924 -0.00913 -0.00455 -0.12764 0.99177
1633434012 -3.53688 -8.08708 -0.16521 -0.00457 -0.00622 -0.15249 0.98828
1633434012 -3.49812 -8.48985 -0.11840 -0.00513 -0.00778 -0.16443 0.98634
1633434013 -3.54379 -9.00974 -0.08373 -0.00394 -0.00588 -0.17706 0.98417
1633434013 -3.66771 -9.34490 -0.06833 -0.00242 -0.00666 -0.18554 0.98261
1633434013 -3.70724 -9.75207 -0.08145 -0.00356 -0.00753 -0.19692 0.98038
1633434013 -3.85610 -10.23622 -0.07860 -0.00358 -0.00615 -0.20915 0.97786
1633434014 -3.89830 -10.58166 -0.09444 -0.00222 -0.00556 -0.21811 0.97591
1633434014 -4.08440 -11.02851 -0.07707 0.00022 -0.00648 -0.22782 0.97368
1633434014 -4.23792 -11.44609 -0.07291 -0.00089 -0.00676 -0.23737 0.97140
1633434014 -4.38262 -11.76157 -0.09026 -0.00081 -0.00656 -0.24331 0.96993
1633434015 -4.57889 -12.18812 -0.08810 -0.00002 -0.00657 -0.25157 0.96782
1633434015 -4.74705 -12.59100 -0.09652 -0.00078 -0.00643 -0.25949 0.96572
1633434015 -4.96449 -13.03360 -0.09411 -0.00195 -0.00755 -0.26700 0.96366
1633434016 -5.18401 -13.48751 -0.08941 -0.00369 -0.00684 -0.27466 0.96151
1633434016 -5.42775 -13.96970 -0.08349 -0.00487 -0.00582 -0.28205 0.95937
1633434016 -5.71805 -14.48477 -0.08164 -0.00714 -0.00515 -0.28885 0.95733
1633434017 -6.07255 -15.02358 -0.06547 -0.00748 -0.00619 -0.29388 0.95579
1633434017 -6.43454 -15.55141 -0.03873 -0.00789 -0.00839 -0.29913 0.95414
1633434017 -6.78659 -16.07492 -0.01370 -0.00833 -0.01084 -0.30384 0.95262
1633434017 -7.15377 -16.62192 0.00660 -0.00787 -0.01042 -0.30836 0.95118
1633434018 -7.54324 -17.19690 0.03487 -0.00662 -0.01231 -0.31182 0.95004
1633434018 -7.97574 -17.83027 0.05611 -0.00431 -0.01218 -0.31547 0.94885
1633434018 -8.41045 -18.47714 0.04443 -0.00216 -0.01477 -0.31858 0.94778
1633434019 -8.79153 -19.04965 0.03802 -0.00243 -0.01316 -0.32159 0.94678
1633434019 -9.15729 -19.58404 0.02808 -0.00399 -0.01368 -0.32390 0.94598
1633434019 -9.50565 -20.10464 0.02160 -0.00470 -0.01298 -0.32655 0.94508
1633434020 -9.83885 -20.58964 0.01115 -0.00777 -0.01350 -0.32962 0.94398
1633434020 -10.05275 -20.89240 0.00976 -0.00909 -0.01270 -0.33207 0.94313
1633434020 -10.41983 -21.40533 0.01810 -0.00877 -0.01381 -0.33544 0.94192
1633434020 -10.78792 -21.91044 0.03064 -0.00775 -0.01261 -0.33966 0.94043
1633434021 -11.17796 -22.43164 0.04140 -0.00677 -0.01150 -0.34445 0.93871
1633434021 -11.60343 -22.98147 0.05303 -0.00466 -0.00908 -0.34999 0.93670
1633434021 -12.00660 -23.45339 0.06700 -0.00309 -0.00799 -0.35606 0.93442
1633434022 -12.47339 -23.99162 0.08183 -0.00410 -0.00472 -0.36298 0.93178
1633434022 -12.83238 -24.40298 0.09440 -0.00513 -0.00358 -0.36747 0.93001
1633434022 -13.22592 -24.85229 0.10881 -0.00460 -0.00212 -0.37232 0.92809
1633434022 -13.73506 -25.44628 0.12426 -0.00402 -0.00091 -0.37721 0.92612
1633434022 -14.21322 -25.96226 0.13402 -0.00364 0.00023 -0.38188 0.92421
1633434023 -14.73113 -26.53067 0.14440 -0.00324 0.00152 -0.38647 0.92229
1633434023 -15.27532 -27.12600 0.15625 -0.00096 0.00263 -0.39076 0.92049
1633434023 -16.07354 -27.95266 0.16621 0.00333 0.00403 -0.39646 0.91804
1633434023 -16.86802 -28.74813 0.17209 0.00561 0.00534 -0.40179 0.91570
1633434024 -17.61842 -29.45215 0.17215 0.00671 0.00603 -0.40631 0.91369
1633434024 -18.43567 -30.23608 0.17036 0.00778 0.00711 -0.41023 0.91192
1633434024 -19.26039 -31.02851 0.16658 0.00967 0.00843 -0.41381 0.91027
1633434025 -20.10375 -31.82992 0.16327 0.00983 0.01006 -0.41736 0.90863
1633434025 -20.94764 -32.63092 0.15860 0.01015 0.01102 -0.42093 0.90697
1633434025 -21.78700 -33.42263 0.15576 0.01096 0.01116 -0.42450 0.90529
1633434025 -22.55950 -34.13189 0.15440 0.01028 0.01236 -0.42802 0.90363
1633434026 -23.37242 -34.88717 0.15504 0.01091 0.01269 -0.43170 0.90186
1633434026 -24.14117 -35.57221 0.15929 0.01286 0.01174 -0.43571 0.89992
1633434026 -24.97311 -36.33029 0.16829 0.01209 0.01215 -0.44015 0.89776
1633434027 -25.78593 -37.03082 0.16373 0.01241 0.01158 -0.44447 0.89563
1633434027 -26.60326 -37.73455 0.16765 0.01442 0.01044 -0.44889 0.89341
1633434027 -27.40615 -38.41402 0.16913 0.01427 0.01109 -0.45322 0.89121
1633434028 -28.27190 -39.14283 0.17041 0.01361 0.01140 -0.45694 0.88932
1633434028 -29.06378 -39.80440 0.18372 0.01334 0.01199 -0.46009 0.88769
1633434028 -29.76258 -40.37018 0.20204 0.01482 0.01174 -0.46225 0.88655
1633434028 -30.54356 -41.00696 0.19946 0.01543 0.01166 -0.46394 0.88565
1633434029 -31.34999 -41.66802 0.18042 0.01573 0.01095 -0.46516 0.88502
1633434029 -32.10233 -42.29059 0.18732 0.01535 0.01114 -0.46569 0.88474
1633434029 -32.85686 -42.92025 0.17319 0.01674 0.00872 -0.46520 0.88501
1633434030 -33.64042 -43.59125 0.15152 0.01760 0.00744 -0.46469 0.88527
1633434030 -34.39752 -44.25446 0.14761 0.01722 0.00760 -0.46386 0.88571
1633434030 -35.19331 -44.96048 0.13734 0.01658 0.00695 -0.46283 0.88627
1633434031 -36.10221 -45.77572 0.12218 0.01591 0.00577 -0.46161 0.88692
1633434031 -37.11256 -46.69429 0.09989 0.01509 0.00476 -0.46016 0.88770
1633434031 -38.16986 -47.66485 0.08860 0.01505 0.00437 -0.45862 0.88850
1633434031 -39.30443 -48.71078 0.07345 0.01477 0.00338 -0.45719 0.88924
1633434032 -40.51011 -49.82141 0.06009 0.01404 0.00209 -0.45586 0.88994
1633434032 -41.74609 -50.96057 0.04360 0.01456 0.00062 -0.45441 0.89067
1633434032 -43.05462 -52.15801 0.02465 0.01589 -0.00013 -0.45307 0.89133
1633434033 -44.38465 -53.37317 0.00312 0.01629 -0.00053 -0.45168 0.89203
1633434033 -45.77081 -54.63412 -0.02022 0.01651 -0.00154 -0.45010 0.89283
1633434033 -47.14970 -55.88548 -0.04505 0.01741 -0.00264 -0.44878 0.89347
1633434034 -48.53530 -57.15135 -0.07008 0.01789 -0.00333 -0.44756 0.89407
1633434034 -49.89531 -58.40423 -0.09248 0.01790 -0.00394 -0.44645 0.89462
1633434034 -51.29821 -59.68804 -0.11725 0.01810 -0.00472 -0.44564 0.89502
1633434034 -52.71074 -60.97515 -0.14275 0.01803 -0.00550 -0.44500 0.89533
1633434035 -54.16689 -62.30711 -0.16589 0.01805 -0.00634 -0.44452 0.89556
1633434035 -55.63647 -63.63782 -0.19050 0.01773 -0.00691 -0.44430 0.89568
1633434035 -57.12446 -64.97508 -0.21662 0.01753 -0.00753 -0.44409 0.89578
1633434036 -58.62197 -66.31619 -0.24123 0.01718 -0.00821 -0.44396 0.89584
1633434036 -60.14247 -67.66934 -0.26793 0.01748 -0.00913 -0.44402 0.89580
1633434036 -61.65644 -69.01202 -0.29359 0.01764 -0.00960 -0.44427 0.89567
1633434037 -63.18576 -70.36156 -0.32220 0.01812 -0.01005 -0.44454 0.89552
1633434037 -64.69742 -71.68972 -0.35152 0.01862 -0.01042 -0.44478 0.89538
1633434037 -66.23234 -73.03428 -0.38290 0.01891 -0.01072 -0.44520 0.89517
1633434037 -67.74800 -74.35628 -0.41499 0.01889 -0.01084 -0.44542 0.89505
1633434038 -69.77292 -76.12608 -0.46042 0.01926 -0.01096 -0.44562 0.89495
1633434038 -71.32535 -77.46447 -0.49510 0.01822 -0.01086 -0.44564 0.89496
1633434038 -72.86518 -78.79376 -0.52520 0.01689 -0.01077 -0.44569 0.89496
1633434039 -74.43771 -80.14965 -0.55417 0.01623 -0.01120 -0.44586 0.89488
1633434039 -75.99005 -81.47475 -0.58244 0.01592 -0.01174 -0.44605 0.89479
1633434039 -78.09949 -83.28743 -0.62016 0.01594 -0.01249 -0.44636 0.89463
1633434040 -80.22970 -85.10516 -0.65792 0.01589 -0.01267 -0.44670 0.89445
1633434040 -82.37161 -86.91157 -0.69983 0.01595 -0.01283 -0.44669 0.89445
1633434041 -84.49911 -88.67788 -0.74117 0.01588 -0.01320 -0.44622 0.89469
1633434041 -86.63645 -90.46621 -0.78097 0.01540 -0.01338 -0.44574 0.89493
1633434041 -88.73647 -92.20793 -0.81889 0.01498 -0.01415 -0.44535 0.89512
1633434042 -91.37359 -94.39361 -0.86527 0.01431 -0.01467 -0.44518 0.89521
1633434042 -93.50529 -96.16888 -0.90199 0.01452 -0.01454 -0.44523 0.89518
1633434043 -95.62526 -97.93702 -0.93733 0.01402 -0.01363 -0.44496 0.89534
1633434043 -97.78364 -99.73061 -0.97455 0.01474 -0.01336 -0.44452 0.89555
1633434044 -99.92769 -101.50726 -1.01339 0.01502 -0.01318 -0.44401 0.89580
1633434044 -102.07144 -103.28746 -1.05367 0.01463 -0.01347 -0.44371 0.89595
1633434044 -104.22336 -105.08676 -1.09485 0.01487 -0.01387 -0.44349 0.89605
1633434045 -106.97898 -107.37364 -1.14856 0.01431 -0.01328 -0.44312 0.89625
1633434045 -109.21313 -109.23188 -1.19401 0.01478 -0.01338 -0.44279 0.89640
1633434046 -112.08718 -111.60483 -1.25209 0.01366 -0.01331 -0.44237 0.89663
1633434046 -116.14746 -114.92917 -1.33102 0.01364 -0.01401 -0.44201 0.89680
1633434047 -119.08286 -117.34149 -1.38653 0.01400 -0.01466 -0.44205 0.89676
1633434047 -122.05220 -119.77413 -1.44904 0.01380 -0.01470 -0.44181 0.89688
1633434048 -124.40857 -121.73747 -1.49209 0.01284 -0.01455 -0.44141 0.89709
1633434048 -126.73244 -123.67510 -1.53082 0.01200 -0.01496 -0.44122 0.89719
1633434049 -128.96776 -125.55663 -1.56723 0.01271 -0.01608 -0.44173 0.89692
1633434049 -131.86376 -127.94375 -1.61751 0.01298 -0.01581 -0.44249 0.89654
1633434050 -134.59919 -130.22813 -1.66394 0.01393 -0.01426 -0.44320 0.89620
1633434050 -137.40496 -132.54736 -1.71548 0.01494 -0.01414 -0.44424 0.89567
1633434051 -139.77201 -134.48957 -1.76245 0.01495 -0.01337 -0.44485 0.89538
1633434051 -143.33145 -137.36290 -1.83252 0.01537 -0.01264 -0.44556 0.89503
1633434052 -146.33948 -139.76863 -1.88848 0.01490 -0.01336 -0.44574 0.89494
1633434052 -149.29592 -142.20749 -1.95066 0.01464 -0.01354 -0.44577 0.89493
1633434053 -152.19584 -144.58256 -2.01351 0.01519 -0.01409 -0.44566 0.89496
1633434053 -155.05666 -146.92237 -2.07690 0.01493 -0.01417 -0.44567 0.89496
1633434054 -157.24723 -148.78286 -2.11961 0.01394 -0.01391 -0.44565 0.89499
1633434054 -160.16466 -151.17404 -2.18269 0.01430 -0.01379 -0.44564 0.89499
1633434054 -162.41804 -153.06409 -2.22824 0.01458 -0.01379 -0.44582 0.89490
1633434055 -164.36118 -154.72814 -2.26636 0.01462 -0.01346 -0.44613 0.89475
1633434055 -166.46715 -156.48582 -2.30744 0.01467 -0.01253 -0.44649 0.89458
1633434056 -168.55485 -158.23052 -2.34698 0.01492 -0.01172 -0.44695 0.89436
1633434056 -170.12650 -159.56827 -2.37648 0.01463 -0.01116 -0.44753 0.89408
1633434056 -172.22335 -161.31496 -2.41516 0.01461 -0.01096 -0.44890 0.89340
1633434057 -174.43471 -163.12130 -2.45531 0.01435 -0.01054 -0.45062 0.89254
1633434057 -176.54081 -164.84140 -2.49174 0.01499 -0.01038 -0.45310 0.89127
1633434057 -178.27930 -166.20970 -2.52894 0.01536 -0.00989 -0.45502 0.89029
1633434058 -180.49330 -167.95871 -2.57415 0.01671 -0.00929 -0.45758 0.88896
1633434058 -182.14749 -169.25156 -2.61320 0.01876 -0.00907 -0.46029 0.88752
1633434058 -183.78424 -170.52013 -2.65309 0.01960 -0.00792 -0.46347 0.88586
1633434059 -186.04361 -172.21645 -2.70204 0.01764 -0.00596 -0.46869 0.88316
1633434059 -187.13269 -173.05617 -2.72984 0.01517 -0.00415 -0.47190 0.88151
1633434059 -188.27818 -173.91088 -2.74857 0.01500 -0.00299 -0.47501 0.87985
1633434060 -190.06070 -175.18163 -2.77420 0.01609 -0.00210 -0.48060 0.87679
1633434060 -191.22174 -175.99159 -2.79119 0.01751 -0.00265 -0.48430 0.87472
1633434060 -192.94800 -177.17930 -2.82034 0.01877 -0.00302 -0.48902 0.87207
1633434060 -195.30484 -178.73028 -2.85709 0.01936 -0.00281 -0.49562 0.86832
1633434061 -197.05934 -179.86105 -2.88762 0.01724 -0.00243 -0.50070 0.86545
1633434061 -199.36953 -181.30119 -2.93116 0.01688 -0.00445 -0.50754 0.86145
1633434062 -201.09925 -182.33287 -2.94714 0.01567 -0.00519 -0.51289 0.85830
1633434062 -203.33924 -183.63814 -2.98591 0.01673 -0.00706 -0.51930 0.85440
1633434062 -204.98527 -184.57483 -3.03518 0.01990 -0.00890 -0.52480 0.85095
1633434063 -206.59036 -185.45039 -3.07638 0.02138 -0.01117 -0.53111 0.84696
1633434063 -208.12872 -186.27127 -3.12127 0.02064 -0.01262 -0.53763 0.84284
1633434063 -209.74648 -187.10722 -3.16642 0.01811 -0.01351 -0.54350 0.83911
1633434063 -211.41603 -187.94478 -3.20676 0.01626 -0.01213 -0.54946 0.83528
1633434064 -212.48703 -188.47024 -3.23558 0.01534 -0.01150 -0.55328 0.83277
1633434064 -214.11027 -189.24709 -3.27305 0.01557 -0.01090 -0.55947 0.82863
1633434064 -215.77071 -190.01565 -3.30508 0.01537 -0.01158 -0.56551 0.82452
1633434064 -217.41182 -190.74809 -3.33839 0.01408 -0.01196 -0.57164 0.82030
1633434065 -219.03846 -191.44224 -3.37160 0.01323 -0.01234 -0.57759 0.81612
1633434065 -220.61782 -192.05423 -3.38339 0.01352 -0.01213 -0.58344 0.81196
1633434065 -222.16947 -192.68068 -3.42119 0.01499 -0.01297 -0.58913 0.80779
1633434066 -223.77099 -193.29477 -3.44422 0.01353 -0.01189 -0.59505 0.80349
1633434066 -225.41874 -193.89545 -3.46713 0.01069 -0.01104 -0.60092 0.79916
1633434066 -226.98460 -194.44477 -3.49228 0.01039 -0.01109 -0.60645 0.79498
1633434067 -228.58461 -194.97655 -3.51483 0.01156 -0.01189 -0.61140 0.79115
1633434067 -230.16513 -195.48636 -3.53896 0.01211 -0.01163 -0.61628 0.78735
1633434067 -231.76939 -195.98270 -3.56709 0.01389 -0.01236 -0.62071 0.78382
1633434067 -233.37137 -196.45976 -3.59870 0.01602 -0.01382 -0.62472 0.78056
1633434068 -235.56910 -197.09484 -3.64474 0.01542 -0.01468 -0.63035 0.77602
1633434068 -237.22001 -197.54075 -3.68341 0.01448 -0.01512 -0.63502 0.77221
1633434069 -238.83868 -197.94761 -3.71682 0.01431 -0.01538 -0.63921 0.76875
1633434069 -241.06621 -198.51673 -3.75473 0.01345 -0.01456 -0.64156 0.76682
1633434069 -243.28128 -199.10376 -3.79234 0.00960 -0.01134 -0.63694 0.77077
1633434070 -245.48712 -199.70645 -3.81960 0.01375 -0.01069 -0.63666 0.77095
1633434070 -247.12108 -200.13271 -3.84421 0.01363 -0.01259 -0.63788 0.76991
1633434070 -249.32320 -200.69726 -3.87851 0.01183 -0.01198 -0.64158 0.76687
1633434071 -251.54870 -201.23417 -3.91497 0.01325 -0.01038 -0.64614 0.76303
1633434071 -253.21654 -201.60181 -3.93300 0.01466 -0.01014 -0.65060 0.75921
1633434071 -254.85292 -201.94404 -3.96022 0.01465 -0.00932 -0.65555 0.75496
1633434072 -256.51160 -202.27625 -3.98132 0.01229 -0.00738 -0.66127 0.75002
1633434072 -258.20516 -202.60753 -4.00065 0.01087 -0.00568 -0.66778 0.74426
1633434072 -259.33254 -202.82630 -4.01267 0.01112 -0.00541 -0.67255 0.73995
1633434072 -260.51331 -203.02183 -4.02441 0.01083 -0.00588 -0.67709 0.73580
1633434073 -261.66784 -203.19440 -4.03208 0.01155 -0.00647 -0.68193 0.73130
1633434073 -262.79877 -203.35204 -4.04174 0.01268 -0.00696 -0.68675 0.72675
1633434073 -263.95035 -203.50138 -4.05691 0.01354 -0.00747 -0.69163 0.72209
1633434073 -265.70640 -203.70536 -4.08179 0.01566 -0.00802 -0.69885 0.71505
1633434074 -267.46150 -203.89052 -4.10973 0.01849 -0.00878 -0.70621 0.70771
1633434074 -269.23632 -204.04499 -4.13884 0.01985 -0.00880 -0.71386 0.69995
1633434074 -271.01339 -204.15944 -4.16720 0.01880 -0.00762 -0.72198 0.69162
1633434074 -272.18548 -204.20780 -4.19230 0.01773 -0.00687 -0.72742 0.68592
1633434075 -273.30260 -204.24229 -4.21329 0.01672 -0.00763 -0.73213 0.68092
1633434075 -274.42016 -204.25938 -4.22933 0.01627 -0.00751 -0.73679 0.67589
1633434075 -275.46938 -204.26570 -4.24641 0.01510 -0.00761 -0.74109 0.67119
1633434075 -277.08261 -204.25825 -4.26854 0.01425 -0.00565 -0.74705 0.66459
1633434076 -278.76009 -204.21367 -4.27886 0.01281 -0.00146 -0.75227 0.65873
1633434076 -280.42559 -204.16558 -4.29837 0.01367 -0.00105 -0.75743 0.65277
1633434076 -282.10545 -204.08372 -4.30505 0.01551 -0.00310 -0.76276 0.64649
1633434076 -283.23680 -204.01712 -4.30913 0.01559 -0.00493 -0.76652 0.64201
1633434077 -284.34722 -203.93860 -4.31791 0.01511 -0.00610 -0.77002 0.63781
1633434077 -286.01023 -203.79969 -4.33511 0.01350 -0.00671 -0.77486 0.63196
1633434077 -287.67456 -203.63614 -4.35341 0.01302 -0.00799 -0.77969 0.62598
1633434078 -289.32083 -203.45398 -4.36514 0.01280 -0.00807 -0.78430 0.62020
1633434078 -291.01334 -203.23737 -4.38042 0.01249 -0.00719 -0.78877 0.61451
1633434078 -292.72876 -202.98498 -4.39420 0.01229 -0.00608 -0.79312 0.60891
1633434078 -294.49203 -202.71266 -4.40969 0.01104 -0.00641 -0.79717 0.60362
1633434079 -296.28193 -202.41102 -4.42422 0.01083 -0.00642 -0.80113 0.59836
1633434079 -298.05323 -202.08166 -4.44003 0.01027 -0.00686 -0.80503 0.59310
1633434079 -299.78813 -201.72174 -4.44616 0.00991 -0.00530 -0.80879 0.58799
1633434080 -301.52016 -201.31723 -4.45001 0.00838 -0.00439 -0.81232 0.58313
1633434080 -303.28075 -200.88168 -4.45411 0.00917 -0.00533 -0.81603 0.57791
1633434080 -305.03420 -200.41052 -4.45436 0.00928 -0.00761 -0.81963 0.57276
1633434081 -306.79746 -199.91010 -4.45721 0.00834 -0.00706 -0.82310 0.56780
1633434081 -308.55371 -199.37380 -4.45912 0.00663 -0.00617 -0.82664 0.56266
1633434081 -310.32449 -198.81174 -4.45748 0.00728 -0.00593 -0.83046 0.55699
1633434081 -311.47721 -198.41196 -4.45704 0.00733 -0.00689 -0.83287 0.55338
1633434082 -312.65899 -198.00222 -4.46152 0.00746 -0.00734 -0.83493 0.55026
1633434082 -314.47757 -197.37650 -4.47044 0.00661 -0.00733 -0.83824 0.54521
1633434082 -316.31754 -196.71161 -4.47811 0.00743 -0.00627 -0.84152 0.54014
1633434082 -318.19734 -196.02549 -4.48780 0.00746 -0.00655 -0.84475 0.53508
1633434083 -320.09370 -195.28776 -4.49840 0.00622 -0.00640 -0.84801 0.52991
1633434083 -321.97319 -194.52123 -4.50262 0.00563 -0.00673 -0.85130 0.52461
1633434083 -323.21230 -193.97258 -4.50108 0.00513 -0.00751 -0.85357 0.52090
1633434083 -324.44353 -193.40950 -4.49973 0.00503 -0.00768 -0.85584 0.51716
1633434084 -325.64619 -192.85226 -4.50397 0.00489 -0.00762 -0.85814 0.51333
1633434084 -326.80130 -192.28430 -4.50628 0.00419 -0.00773 -0.86034 0.50964
1633434084 -327.98601 -191.69673 -4.50251 0.00457 -0.00713 -0.86262 0.50579
1633434084 -329.19942 -191.08991 -4.50925 0.00343 -0.00686 -0.86490 0.50188
1633434084 -330.41917 -190.47453 -4.51157 -0.00390 0.00649 0.86720 -0.49790
1633434085 -331.65143 -189.83957 -4.51515 -0.00383 0.00646 0.86955 -0.49378
1633434085 -332.89306 -189.19555 -4.51840 -0.00349 0.00647 0.87158 -0.49020
1633434085 -334.13553 -188.54075 -4.52401 -0.00358 0.00579 0.87366 -0.48650
1633434085 -335.38573 -187.86380 -4.52793 -0.00290 0.00570 0.87553 -0.48311
1633434085 -336.61256 -187.19154 -4.53018 -0.00397 0.00545 0.87741 -0.47969
1633434086 -338.46088 -186.15434 -4.53511 -0.00406 0.00655 0.88005 -0.47483
1633434086 -340.30860 -185.09481 -4.53857 -0.00473 0.00606 0.88257 -0.47011
1633434086 -342.14586 -184.00640 -4.54422 -0.00448 0.00541 0.88481 -0.46589
1633434087 -343.97373 -182.89570 -4.54781 -0.00474 0.00597 0.88714 -0.46144
1633434087 -345.79655 -181.76366 -4.55516 -0.00509 0.00601 0.88903 -0.45778
1633434087 -347.60445 -180.61820 -4.56096 -0.00532 0.00540 0.89065 -0.45462
1633434088 -349.40115 -179.45429 -4.56222 -0.00462 0.00452 0.89211 -0.45178
1633434088 -351.17951 -178.28465 -4.56456 -0.00594 0.00534 0.89335 -0.44930
1633434088 -352.92892 -177.11598 -4.57254 -0.00666 0.00555 0.89460 -0.44678
1633434088 -354.68951 -175.91609 -4.57495 -0.00610 0.00522 0.89576 -0.44446
1633434089 -356.45192 -174.70467 -4.57528 -0.00591 0.00469 0.89669 -0.44258
1633434089 -358.21043 -173.47489 -4.57905 -0.00648 0.00398 0.89771 -0.44052
1633434089 -359.97018 -172.24902 -4.58419 -0.00638 0.00343 0.89872 -0.43847
1633434090 -361.72805 -171.00304 -4.58512 -0.00679 0.00376 0.89959 -0.43667
1633434090 -363.48290 -169.75307 -4.58697 -0.00767 0.00517 0.90043 -0.43490
1633434090 -365.23499 -168.49307 -4.59518 -0.00823 0.00633 0.90123 -0.43323
1633434091 -366.98876 -167.22662 -4.61118 -0.00847 0.00524 0.90181 -0.43201
1633434091 -368.74914 -165.92808 -4.61834 -0.00840 0.00462 0.90227 -0.43107
1633434091 -370.48795 -164.66519 -4.62561 -0.00760 0.00390 0.90270 -0.43018
1633434091 -372.23164 -163.38736 -4.63308 -0.00753 0.00341 0.90322 -0.42910
1633434092 -373.97446 -162.10591 -4.64040 -0.00740 0.00469 0.90372 -0.42804
1633434092 -375.69356 -160.83053 -4.64812 -0.00659 0.00517 0.90421 -0.42700
1633434092 -377.41665 -159.54529 -4.65987 -0.00741 0.00543 0.90463 -0.42610
1633434093 -379.13076 -158.26429 -4.67062 -0.00744 0.00432 0.90493 -0.42547
1633434093 -380.82240 -157.01757 -4.67961 -0.00696 0.00320 0.90528 -0.42474
1633434093 -382.49144 -155.78611 -4.68144 -0.00723 0.00266 0.90567 -0.42391
1633434094 -384.14896 -154.56491 -4.68322 -0.00657 0.00201 0.90596 -0.42330
1633434094 -385.78575 -153.35025 -4.68157 -0.00705 0.00345 0.90626 -0.42265
1633434094 -387.40952 -152.13985 -4.68723 -0.00852 0.00452 0.90662 -0.42184
1633434094 -389.03750 -150.91453 -4.69833 -0.00857 0.00489 0.90687 -0.42129
1633434095 -390.62519 -149.72871 -4.70998 -0.00883 0.00559 0.90716 -0.42065
1633434095 -392.20699 -148.54005 -4.72102 -0.00869 0.00387 0.90754 -0.41985
1633434095 -393.73818 -147.39425 -4.72738 -0.00789 0.00317 0.90800 -0.41889
1633434096 -395.25223 -146.25354 -4.72803 -0.00751 0.00216 0.90872 -0.41734
1633434096 -396.74428 -145.11998 -4.72717 -0.00754 0.00162 0.90949 -0.41566
1633434096 -398.18617 -144.01193 -4.72226 -0.00721 0.00205 0.91033 -0.41382
1633434097 -399.59992 -142.91740 -4.71656 -0.00715 0.00102 0.91129 -0.41169
1633434097 -400.95108 -141.85938 -4.71047 -0.00694 0.00122 0.91269 -0.40860
1633434097 -402.27981 -140.80750 -4.70432 -0.00790 0.00211 0.91422 -0.40513
1633434097 -403.57555 -139.76818 -4.69845 -0.00750 0.00238 0.91581 -0.40153
1633434098 -404.86002 -138.71393 -4.69365 -0.00679 0.00156 0.91765 -0.39733
1633434098 -406.12489 -137.65267 -4.68918 -0.00705 0.00138 0.91957 -0.39287
1633434098 -407.35788 -136.60420 -4.68084 -0.00662 0.00088 0.92156 -0.38818
1633434099 -408.56463 -135.55431 -4.67531 -0.00720 -0.00001 0.92381 -0.38279
1633434099 -409.70645 -134.53331 -4.65970 -0.00689 -0.00004 0.92625 -0.37684
1633434099 -410.81050 -133.51413 -4.64250 -0.00710 -0.00036 0.92889 -0.37028
1633434100 -412.27652 -132.10833 -4.62832 -0.00688 -0.00041 0.93256 -0.36094
1633434100 -413.36296 -131.03181 -4.61772 -0.00736 -0.00050 0.93545 -0.35337
1633434100 -414.40163 -129.96820 -4.60686 -0.00759 0.00031 0.93839 -0.34549
1633434101 -415.42189 -128.88830 -4.59292 -0.00832 0.00073 0.94146 -0.33702
1633434101 -416.40189 -127.80455 -4.58248 -0.00794 0.00085 0.94451 -0.32838
1633434101 -417.35158 -126.71272 -4.57052 -0.00862 0.00080 0.94759 -0.31939
1633434101 -417.95107 -125.99512 -4.56235 -0.00907 0.00062 0.94969 -0.31307
1633434102 -418.53121 -125.27782 -4.56058 -0.00892 0.00090 0.95177 -0.30667
1633434102 -419.10712 -124.54586 -4.55503 -0.00966 0.00070 0.95402 -0.29958
1633434102 -419.67385 -123.80824 -4.55081 -0.00939 0.00027 0.95610 -0.29287
1633434102 -420.23625 -123.05303 -4.55158 -0.00873 0.00031 0.95834 -0.28549
1633434102 -420.78338 -122.29337 -4.55033 -0.00909 0.00057 0.96056 -0.27791
1633434103 -421.29517 -121.54712 -4.54506 -0.00894 0.00137 0.96274 -0.27029
1633434103 -421.79775 -120.79220 -4.54366 -0.00830 0.00146 0.96492 -0.26241
1633434103 -422.28970 -120.02560 -4.54003 -0.00822 0.00179 0.96706 -0.25442
1633434103 -422.76504 -119.25613 -4.53684 -0.00814 0.00157 0.96920 -0.24615
1633434103 -423.22090 -118.48759 -4.53344 -0.00775 0.00141 0.97124 -0.23796
1633434104 -423.63634 -117.73934 -4.52927 -0.00699 0.00141 0.97324 -0.22969
1633434104 -424.05336 -116.97095 -4.52087 -0.00686 0.00089 0.97517 -0.22134
1633434104 -424.44513 -116.20912 -4.51280 -0.00660 0.00065 0.97708 -0.21279
1633434104 -424.82439 -115.44097 -4.50892 -0.00570 0.00091 0.97889 -0.20431
1633434104 -425.19265 -114.66357 -4.50483 -0.00562 0.00135 0.98065 -0.19568
1633434105 -425.53801 -113.89234 -4.49478 -0.00550 0.00138 0.98238 -0.18680
1633434105 -425.86835 -113.11683 -4.48510 -0.00480 0.00155 0.98398 -0.17819
1633434105 -426.18190 -112.33905 -4.47771 -0.00425 0.00185 0.98555 -0.16932
1633434105 -426.48382 -111.55566 -4.47229 -0.00403 0.00196 0.98699 -0.16073
1633434105 -426.76457 -110.77765 -4.46464 -0.00346 0.00235 0.98839 -0.15186
1633434106 -427.02347 -110.00708 -4.45566 -0.00267 0.00288 0.98972 -0.14294
1633434106 -427.27403 -109.22120 -4.45067 -0.00229 0.00300 0.99096 -0.13411
1633434106 -427.51140 -108.43409 -4.44550 -0.00215 0.00289 0.99210 -0.12536
1633434106 -427.73239 -107.64653 -4.44231 -0.00126 0.00297 0.99317 -0.11667
1633434106 -427.94187 -106.84909 -4.43828 -0.00055 0.00272 0.99421 -0.10746
1633434107 -428.13712 -106.04834 -4.43439 -0.00031 0.00197 0.99517 -0.09812
1633434107 -428.31126 -105.25320 -4.42978 -0.00005 0.00175 0.99606 -0.08871
1633434107 -428.47144 -104.45613 -4.42620 0.00090 0.00186 0.99686 -0.07914
1633434107 -428.61540 -103.65413 -4.42175 0.00149 0.00227 0.99757 -0.06966
1633434107 -428.74411 -102.86118 -4.41748 0.00154 0.00254 0.99819 -0.06005
1633434108 -428.85801 -102.06090 -4.41245 0.00172 0.00290 0.99873 -0.05034
1633434108 -428.95790 -101.25532 -4.40865 0.00249 0.00299 0.99917 -0.04052
1633434108 -429.04085 -100.45071 -4.40506 0.00303 0.00274 0.99951 -0.03091
1633434108 -429.10299 -99.65268 -4.39910 0.00339 0.00266 0.99976 -0.02129
1633434108 -429.14990 -98.85329 -4.39290 0.00359 0.00224 0.99992 -0.01155
1633434109 -429.18163 -98.04055 -4.38821 0.00457 0.00221 0.99999 -0.00206
1633434109 -429.19814 -97.23317 -4.38393 0.00501 0.00236 0.99996 0.00741
1633434109 -429.19815 -96.42026 -4.37901 0.00508 0.00254 0.99984 0.01687
1633434109 -429.18540 -95.59876 -4.37350 0.00544 0.00285 0.99964 0.02623
1633434109 -429.15703 -94.78123 -4.36890 0.00603 0.00264 0.99936 0.03526
1633434110 -429.11253 -93.96009 -4.36278 0.00602 0.00226 0.99901 0.04410
1633434110 -429.05358 -93.13029 -4.35656 0.00581 0.00224 0.99859 0.05278
1633434110 -428.98152 -92.30883 -4.35328 0.00618 0.00232 0.99811 0.06118
1633434110 -428.89758 -91.48086 -4.34814 0.00673 0.00256 0.99757 0.06931
1633434110 -428.79888 -90.66267 -4.34437 0.00685 0.00266 0.99698 0.07737
1633434111 -428.68352 -89.84010 -4.34062 0.00682 0.00295 0.99632 0.08535
1633434111 -428.55728 -89.01902 -4.33666 0.00695 0.00230 0.99563 0.09308
1633434111 -428.41828 -88.18984 -4.33280 0.00676 0.00175 0.99490 0.10065
1633434111 -428.26678 -87.36236 -4.33056 0.00632 0.00158 0.99414 0.10794
1633434111 -428.10116 -86.53658 -4.32746 0.00616 0.00174 0.99338 0.11468
1633434112 -427.83170 -85.30068 -4.32006 0.00633 0.00179 0.99208 0.12547
1633434112 -427.52852 -84.05108 -4.31343 0.00574 0.00195 0.99072 0.13579
1633434112 -427.31535 -83.22230 -4.31171 0.00525 0.00196 0.98974 0.14280
1633434112 -426.97041 -81.98288 -4.30758 0.00509 0.00194 0.98827 0.15265
1633434113 -426.72635 -81.14236 -4.30456 0.00502 0.00186 0.98717 0.15956
1633434113 -426.47247 -80.29818 -4.29899 0.00413 0.00181 0.98606 0.16636
1633434113 -426.20466 -79.44873 -4.29611 0.00452 0.00130 0.98487 0.17322
1633434113 -425.92532 -78.59929 -4.29331 0.00437 0.00112 0.98364 0.18007
1633434113 -425.63143 -77.74994 -4.29197 0.00382 0.00117 0.98240 0.18675
1633434114 -425.32122 -76.89601 -4.28946 0.00347 0.00148 0.98105 0.19373
1633434114 -424.99920 -76.04215 -4.28743 0.00381 0.00165 0.97973 0.20027
1633434114 -424.66309 -75.17987 -4.28498 0.00327 0.00155 0.97833 0.20701
1633434114 -424.30871 -74.31523 -4.28324 0.00280 0.00159 0.97686 0.21384
1633434114 -423.94027 -73.45290 -4.28086 0.00269 0.00133 0.97535 0.22066
1633434115 -423.55868 -72.58948 -4.27809 0.00231 0.00118 0.97378 0.22746
1633434115 -423.16195 -71.72160 -4.27617 0.00177 0.00160 0.97214 0.23437
1633434115 -422.74787 -70.85589 -4.27443 0.00187 0.00199 0.97044 0.24131
1633434115 -422.32388 -69.99096 -4.27149 0.00197 0.00255 0.96869 0.24824
1633434115 -421.88289 -69.12464 -4.27101 0.00158 0.00271 0.96692 0.25506
1633434116 -421.43043 -68.26188 -4.27144 0.00142 0.00252 0.96505 0.26205
1633434116 -420.96082 -67.39374 -4.27199 0.00154 0.00262 0.96309 0.26915
1633434116 -420.47705 -66.53030 -4.27268 0.00153 0.00313 0.96105 0.27635
1633434116 -419.97620 -65.66940 -4.27266 0.00112 0.00362 0.95892 0.28366
1633434116 -419.46204 -64.81685 -4.27213 0.00135 0.00390 0.95681 0.29067
1633434117 -418.93402 -63.96800 -4.27384 0.00126 0.00400 0.95463 0.29777
1633434117 -418.39661 -63.12875 -4.27626 0.00050 0.00379 0.95238 0.30490
1633434117 -417.84710 -62.29510 -4.27857 0.00061 0.00369 0.95017 0.31171
1633434117 -417.28299 -61.45717 -4.28015 0.00037 0.00391 0.94794 0.31842
1633434117 -416.70864 -60.63512 -4.27927 -0.00023 0.00413 0.94568 0.32509
1633434118 -416.12298 -59.82385 -4.28114 0.00003 0.00452 0.94340 0.33164
1633434118 -415.52952 -59.02677 -4.28423 -0.00028 0.00507 0.94114 0.33799
1633434118 -414.92530 -58.23825 -4.28513 -0.00074 0.00577 0.93882 0.34436
1633434118 -414.30919 -57.45492 -4.28596 -0.00042 0.00562 0.93667 0.35018
1633434118 -413.68270 -56.67733 -4.28706 -0.00081 0.00559 0.93461 0.35563
1633434119 -413.04772 -55.90392 -4.28687 -0.00178 0.00529 0.93251 0.36111
1633434119 -412.40731 -55.14482 -4.28766 -0.00237 0.00481 0.93043 0.36642
1633434119 -411.75838 -54.39270 -4.28908 -0.00258 0.00446 0.92857 0.37111
1633434119 -411.10274 -53.64420 -4.28765 -0.00345 0.00514 0.92652 0.37619
1633434119 -410.43848 -52.90452 -4.28735 -0.00407 0.00484 0.92452 0.38107
1633434120 -409.76305 -52.17024 -4.28563 -0.00418 0.00459 0.92268 0.38552
1633434120 -409.08273 -51.44052 -4.28554 -0.00499 0.00481 0.92076 0.39006
1633434120 -408.38701 -50.70835 -4.28221 -0.00553 0.00464 0.91889 0.39445
1633434120 -407.68117 -49.97914 -4.27809 -0.00555 0.00434 0.91711 0.39858
1633434120 -406.96294 -49.24806 -4.27449 -0.00639 0.00471 0.91525 0.40282
1633434121 -406.23493 -48.52099 -4.27009 -0.00694 0.00484 0.91337 0.40705
1633434121 -405.49451 -47.79644 -4.26565 -0.00740 0.00509 0.91162 0.41094
1633434121 -404.74105 -47.07178 -4.26306 -0.00847 0.00589 0.90990 0.41469
1633434121 -403.57943 -45.97174 -4.25916 -0.00887 0.00756 0.90726 0.42041
1633434122 -402.81160 -45.26035 -4.25702 -0.00928 0.00883 0.90563 0.42388
1633434122 -402.04374 -44.55620 -4.25602 -0.00957 0.00935 0.90398 0.42736
1633434122 -400.88095 -43.50886 -4.25293 -0.00939 0.00851 0.90176 0.43206
1633434122 -399.67665 -42.44791 -4.25335 -0.01020 0.00737 0.89954 0.43665
1633434123 -398.86288 -41.74734 -4.25206 -0.00980 0.00633 0.89809 0.43966
1633434123 -398.02753 -41.03465 -4.25015 -0.01019 0.00601 0.89684 0.44220
1633434123 -396.72980 -39.94308 -4.24660 -0.01052 0.00575 0.89502 0.44586
1633434123 -395.83287 -39.19985 -4.24357 -0.01060 0.00545 0.89404 0.44783
1633434123 -394.91618 -38.44686 -4.23963 -0.01101 0.00580 0.89291 0.45006
1633434124 -393.97834 -37.68324 -4.23508 -0.01014 0.00595 0.89184 0.45220
1633434124 -393.02127 -36.90941 -4.22986 -0.01021 0.00666 0.89087 0.45410
1633434124 -392.04777 -36.12771 -4.22657 -0.01020 0.00679 0.88991 0.45597
1633434124 -391.05799 -35.34029 -4.22145 -0.00960 0.00658 0.88912 0.45753
1633434124 -390.05893 -34.54815 -4.21745 -0.01034 0.00659 0.88833 0.45904
1633434125 -389.05071 -33.75140 -4.21414 -0.00979 0.00623 0.88756 0.46055
1633434125 -387.50427 -32.53578 -4.20957 -0.01052 0.00666 0.88652 0.46252
1633434125 -385.95900 -31.33060 -4.20272 -0.01006 0.00568 0.88567 0.46418
1633434126 -384.36585 -30.09670 -4.19638 -0.00989 0.00564 0.88483 0.46578
1633434126 -382.77755 -28.87518 -4.19024 -0.00936 0.00716 0.88417 0.46701
1633434126 -381.16012 -27.63298 -4.18591 -0.00856 0.00742 0.88374 0.46784
1633434126 -379.56575 -26.40732 -4.18515 -0.00925 0.00759 0.88358 0.46812
1633434127 -377.93242 -25.15319 -4.18455 -0.00876 0.00806 0.88376 0.46779
1633434127 -376.28261 -23.88887 -4.18355 -0.00762 0.00799 0.88397 0.46741
1633434127 -374.64371 -22.62280 -4.18555 -0.00787 0.00819 0.88429 0.46681
1633434128 -373.01333 -21.36294 -4.18434 -0.00792 0.00758 0.88477 0.46590
1633434128 -371.35379 -20.07867 -4.18293 -0.00744 0.00738 0.88525 0.46500
1633434128 -370.26513 -19.23052 -4.18194 -0.00799 0.00722 0.88560 0.46433
1633434128 -369.17716 -18.37663 -4.18235 -0.00762 0.00676 0.88588 0.46381
1633434129 -368.06066 -17.50759 -4.18046 -0.00767 0.00707 0.88620 0.46318
1633434129 -366.94717 -16.63420 -4.17959 -0.00785 0.00730 0.88635 0.46290
1633434129 -365.84726 -15.76690 -4.17874 -0.00755 0.00732 0.88656 0.46248
1633434129 -364.74820 -14.89884 -4.18055 -0.00812 0.00770 0.88652 0.46255
1633434129 -363.61749 -14.01303 -4.17913 -0.00745 0.00781 0.88648 0.46265
1633434130 -362.48202 -13.12454 -4.17843 -0.00853 0.00787 0.88617 0.46322
1633434130 -361.34795 -12.23626 -4.17682 -0.00836 0.00761 0.88575 0.46403
1633434130 -360.21004 -11.35177 -4.17527 -0.00894 0.00767 0.88526 0.46494
1633434130 -359.07499 -10.46798 -4.17233 -0.00874 0.00710 0.88462 0.46618
1633434130 -357.94142 -9.59304 -4.16948 -0.00889 0.00702 0.88401 0.46732
1633434131 -356.80348 -8.71674 -4.16690 -0.00906 0.00738 0.88323 0.46880
1633434131 -355.66472 -7.84667 -4.16349 -0.00898 0.00782 0.88257 0.47003
1633434131 -354.52437 -6.97924 -4.16293 -0.00935 0.00859 0.88179 0.47147
1633434131 -353.38316 -6.11634 -4.16070 -0.00885 0.00892 0.88108 0.47280
1633434131 -352.23031 -5.25183 -4.16128 -0.00985 0.00908 0.88026 0.47431
1633434132 -351.07682 -4.39309 -4.16115 -0.00915 0.00902 0.87947 0.47578
1633434132 -349.93785 -3.55088 -4.16185 -0.00973 0.00930 0.87868 0.47722
1633434132 -348.77416 -2.69458 -4.16182 -0.00914 0.00906 0.87791 0.47865
1633434132 -347.04242 -1.43074 -4.16234 -0.00992 0.00876 0.87690 0.48049
1633434132 -345.88277 -0.58966 -4.16161 -0.00954 0.00841 0.87620 0.48179
1633434133 -344.13179 0.67449 -4.15963 -0.01010 0.00867 0.87535 0.48331
1633434133 -342.39940 1.91559 -4.15775 -0.01013 0.00854 0.87472 0.48445
1633434133 -340.63058 3.17824 -4.15637 -0.00961 0.00878 0.87424 0.48532
1633434134 -338.88205 4.42092 -4.15547 -0.01027 0.00919 0.87394 0.48584
1633434134 -337.11539 5.67264 -4.15516 -0.01013 0.00917 0.87379 0.48610
1633434134 -335.92825 6.51060 -4.15402 -0.01001 0.00925 0.87368 0.48630
1633434134 -334.74944 7.34043 -4.15327 -0.01003 0.00917 0.87372 0.48624
1633434135 -333.56661 8.17445 -4.15083 -0.01062 0.00841 0.87362 0.48642
1633434135 -331.78707 9.42973 -4.14868 -0.01063 0.00847 0.87361 0.48643
1633434135 -330.60136 10.26540 -4.14570 -0.01040 0.00874 0.87348 0.48667
1633434135 -329.39950 11.11125 -4.14185 -0.01045 0.00861 0.87349 0.48665
1633434135 -328.21794 11.94550 -4.14091 -0.01052 0.00875 0.87342 0.48678
1633434136 -327.01872 12.78828 -4.13870 -0.00979 0.00908 0.87341 0.48681
1633434136 -325.82647 13.62954 -4.13866 -0.01015 0.00946 0.87339 0.48683
1633434136 -324.63972 14.46805 -4.13777 -0.00929 0.00937 0.87347 0.48669
1633434136 -323.44775 15.31089 -4.13959 -0.00979 0.00936 0.87355 0.48655
1633434136 -322.24774 16.15569 -4.13862 -0.00919 0.00890 0.87364 0.48640
1633434137 -320.45575 17.43048 -4.13902 -0.00974 0.00869 0.87380 0.48612
1633434137 -318.68312 18.69300 -4.13877 -0.00888 0.00833 0.87400 0.48577
1633434137 -316.88590 19.97267 -4.13833 -0.00799 0.00799 0.87414 0.48554
1633434138 -315.69753 20.81861 -4.13987 -0.00818 0.00849 0.87416 0.48550
1633434138 -314.51222 21.66556 -4.14132 -0.00761 0.00870 0.87417 0.48549
1633434138 -313.32248 22.51216 -4.14241 -0.00797 0.00874 0.87431 0.48523
1633434138 -311.54153 23.78436 -4.14473 -0.00811 0.00834 0.87445 0.48498
1633434138 -310.34080 24.63941 -4.14619 -0.00896 0.00856 0.87449 0.48489
1633434139 -308.53288 25.93091 -4.14654 -0.00863 0.00822 0.87454 0.48480
1633434139 -306.73529 27.21255 -4.14724 -0.00907 0.00810 0.87454 0.48479
1633434139 -304.91646 28.50805 -4.14650 -0.00946 0.00839 0.87443 0.48498
1633434140 -303.12220 29.78453 -4.14559 -0.00907 0.00852 0.87419 0.48543
1633434140 -301.30055 31.07449 -4.14817 -0.00893 0.00867 0.87393 0.48589
1633434140 -299.49561 32.35221 -4.14953 -0.00876 0.00882 0.87364 0.48642
1633434141 -297.66108 33.64459 -4.15218 -0.00851 0.00876 0.87331 0.48701
1633434141 -295.22797 35.35802 -4.15785 -0.00793 0.00907 0.87263 0.48823
1633434141 -293.39646 36.63624 -4.16427 -0.00797 0.00918 0.87205 0.48927
1633434142 -291.55505 37.91756 -4.17037 -0.00773 0.00947 0.87132 0.49057
1633434142 -289.72078 39.18918 -4.17699 -0.00783 0.00970 0.87052 0.49198
1633434142 -287.86280 40.46819 -4.18579 -0.00893 0.00979 0.86979 0.49325
1633434142 -286.02842 41.72656 -4.19088 -0.00923 0.00966 0.86920 0.49428
1633434143 -284.16655 42.99949 -4.19515 -0.00962 0.00917 0.86867 0.49522
1633434143 -281.67998 44.69295 -4.19962 -0.01005 0.00966 0.86821 0.49600
1633434143 -279.83730 45.94300 -4.20792 -0.00954 0.01006 0.86822 0.49598
1633434144 -277.97444 47.20600 -4.21305 -0.00905 0.00870 0.86844 0.49564
1633434144 -276.12484 48.46192 -4.21785 -0.00852 0.00870 0.86864 0.49529
1633434144 -273.64615 50.14922 -4.22754 -0.00745 0.00881 0.86901 0.49466
1633434145 -271.77432 51.42166 -4.23522 -0.00666 0.00842 0.86921 0.49433
1633434145 -269.93481 52.67301 -4.23990 -0.00592 0.00690 0.86945 0.49395
1633434145 -268.06852 53.94708 -4.24220 -0.00667 0.00662 0.86960 0.49366
1633434146 -266.23216 55.20189 -4.24259 -0.00730 0.00659 0.86982 0.49327
1633434146 -264.36989 56.47816 -4.24562 -0.00617 0.00767 0.86975 0.49339
1633434146 -261.88601 58.17741 -4.25823 -0.00440 0.00937 0.86958 0.49368
1633434147 -259.39518 59.87798 -4.27640 -0.00486 0.00971 0.86988 0.49315
1633434147 -257.54535 61.14901 -4.28840 -0.00736 0.00934 0.87021 0.49255
1633434147 -255.67487 62.43224 -4.30057 -0.00743 0.00817 0.87067 0.49174
1633434148 -253.17881 64.15191 -4.30851 -0.00635 0.00664 0.87098 0.49124
1633434148 -251.30973 65.44008 -4.31672 -0.00530 0.00786 0.87104 0.49113
1633434148 -249.43373 66.73563 -4.31726 -0.00625 0.00674 0.87096 0.49126
1633434149 -247.56474 68.01855 -4.32838 -0.00613 0.00725 0.87090 0.49137
1633434149 -245.69409 69.30715 -4.33630 -0.00610 0.00739 0.87081 0.49152
1633434149 -243.83957 70.57997 -4.34580 -0.00659 0.00720 0.87068 0.49176
1633434150 -241.95628 71.87158 -4.35059 -0.00628 0.00724 0.87045 0.49216
1633434150 -240.07791 73.15390 -4.35682 -0.00649 0.00711 0.87023 0.49255
1633434150 -238.18135 74.45003 -4.36637 -0.00627 0.00768 0.87001 0.49294
1633434150 -236.31508 75.72174 -4.37353 -0.00613 0.00743 0.86975 0.49341
1633434151 -234.42215 77.00999 -4.38556 -0.00609 0.00754 0.86940 0.49401
1633434151 -232.52292 78.29487 -4.39067 -0.00605 0.00777 0.86910 0.49453
1633434151 -230.62214 79.58045 -4.40182 -0.00601 0.00716 0.86884 0.49501
1633434152 -228.73873 80.84816 -4.41165 -0.00608 0.00725 0.86844 0.49570
1633434152 -226.81542 82.13343 -4.41747 -0.00643 0.00717 0.86819 0.49613
1633434152 -224.93183 83.39265 -4.42451 -0.00637 0.00660 0.86801 0.49646
1633434153 -223.01168 84.67291 -4.42784 -0.00654 0.00631 0.86780 0.49683
1633434153 -221.11971 85.93301 -4.43481 -0.00645 0.00665 0.86780 0.49683
1633434153 -219.19702 87.21301 -4.44363 -0.00795 0.00292 0.86778 0.49687
1633434153 -217.30261 88.47673 -4.43988 -0.00781 0.00413 0.86764 0.49712
1633434154 -215.37852 89.75258 -4.43512 -0.00724 0.00510 0.86766 0.49707
1633434154 -213.47984 91.01331 -4.43323 -0.00660 0.00531 0.86772 0.49698
1633434154 -211.55207 92.29326 -4.43182 -0.00669 0.00512 0.86762 0.49715
1633434155 -208.98789 93.98876 -4.42953 -0.00737 0.00448 0.86768 0.49705
1633434155 -207.07967 95.25341 -4.42727 -0.00717 0.00504 0.86776 0.49690
1633434155 -205.14011 96.53902 -4.42464 -0.00687 0.00513 0.86765 0.49711
1633434156 -203.22739 97.80497 -4.42255 -0.00765 0.00484 0.86755 0.49727
1633434156 -201.27287 99.09097 -4.42180 -0.00701 0.00614 0.86741 0.49751
1633434156 -199.34498 100.36686 -4.42428 -0.00718 0.00660 0.86707 0.49808
1633434157 -197.38209 101.65709 -4.43186 -0.00763 0.00650 0.86683 0.49850
1633434157 -195.43153 102.93845 -4.42304 -0.00908 0.00380 0.86649 0.49910
1633434157 -193.46708 104.21126 -4.42152 -0.00855 0.00310 0.86622 0.49958
1633434157 -191.50740 105.48355 -4.41195 -0.00813 0.00413 0.86598 0.50000
1633434158 -190.19918 106.33288 -4.40799 -0.00762 0.00458 0.86580 0.50031
1633434158 -188.21380 107.62283 -4.40516 -0.00765 0.00525 0.86543 0.50095
1633434158 -186.24249 108.89864 -4.40151 -0.00647 0.00525 0.86504 0.50164
1633434159 -184.24617 110.18631 -4.40501 -0.00494 0.00492 0.86440 0.50275
1633434159 -182.26870 111.45635 -4.40608 -0.00449 0.00509 0.86365 0.50405
1633434159 -180.26458 112.73427 -4.41017 -0.00454 0.00562 0.86301 0.50513
1633434159 -178.27189 113.99558 -4.41402 -0.00488 0.00590 0.86244 0.50610
1633434160 -176.26230 115.26544 -4.42071 -0.00566 0.00583 0.86195 0.50694
1633434160 -174.26569 116.52414 -4.42621 -0.00593 0.00570 0.86150 0.50769
1633434160 -172.23355 117.80815 -4.42947 -0.00601 0.00548 0.86114 0.50831
1633434161 -170.21531 119.07928 -4.43358 -0.00617 0.00530 0.86080 0.50888
1633434161 -168.16690 120.36217 -4.43749 -0.00615 0.00551 0.86051 0.50937
1633434161 -165.46775 122.04949 -4.44404 -0.00617 0.00638 0.86039 0.50956
1633434162 -163.45367 123.30856 -4.45092 -0.00620 0.00696 0.86032 0.50966
1633434162 -161.42315 124.57582 -4.45944 -0.00670 0.00678 0.86035 0.50962
1633434162 -159.40027 125.83860 -4.46602 -0.00692 0.00668 0.86054 0.50929
1633434163 -157.36831 127.11415 -4.46919 -0.00760 0.00586 0.86065 0.50910
1633434163 -154.66063 128.81180 -4.47276 -0.00751 0.00533 0.86084 0.50880
1633434163 -151.95528 130.51268 -4.47393 -0.00721 0.00544 0.86111 0.50834
1633434164 -149.24774 132.22135 -4.47833 -0.00746 0.00603 0.86128 0.50804
1633434164 -146.54737 133.92790 -4.48281 -0.00762 0.00581 0.86137 0.50789
1633434165 -143.85351 135.63197 -4.48559 -0.00835 0.00487 0.86131 0.50798
1633434165 -141.15041 137.33837 -4.48533 -0.00837 0.00545 0.86146 0.50772
1633434165 -139.12268 138.62227 -4.47972 -0.00869 0.00519 0.86137 0.50788
1633434166 -137.07962 139.91563 -4.47818 -0.00883 0.00488 0.86123 0.50811
1633434166 -135.02354 141.21302 -4.47394 -0.00843 0.00513 0.86107 0.50839
1633434166 -132.30813 142.92972 -4.47364 -0.00826 0.00514 0.86072 0.50899
1633434167 -130.24109 144.22921 -4.47297 -0.00722 0.00568 0.86041 0.50951
1633434167 -127.48877 145.95226 -4.47699 -0.00655 0.00594 0.86004 0.51014
1633434167 -125.40466 147.24952 -4.48200 -0.00665 0.00571 0.85979 0.51058
1633434168 -123.31719 148.55271 -4.48240 -0.00680 0.00571 0.85956 0.51096
1633434168 -120.52747 150.29484 -4.48661 -0.00647 0.00509 0.85917 0.51162
1633434168 -118.42341 151.60477 -4.48646 -0.00635 0.00480 0.85875 0.51233
1633434169 -116.28106 152.93124 -4.48611 -0.00604 0.00475 0.85829 0.51311
1633434169 -114.13837 154.24972 -4.48685 -0.00626 0.00518 0.85782 0.51389
1633434169 -111.25649 156.01752 -4.48946 -0.00670 0.00547 0.85732 0.51471
1633434170 -109.08270 157.33634 -4.49498 -0.00692 0.00540 0.85691 0.51539
1633434170 -106.93520 158.64208 -4.49549 -0.00674 0.00505 0.85651 0.51605
1633434170 -104.76972 159.95558 -4.49511 -0.00634 0.00504 0.85616 0.51664
1633434170 -102.60218 161.26144 -4.49701 -0.00639 0.00472 0.85582 0.51722
1633434171 -100.43132 162.56409 -4.49797 -0.00636 0.00358 0.85556 0.51765
1633434171 -98.29588 163.83957 -4.49770 -0.00508 0.00381 0.85523 0.51821
1633434171 -96.17047 165.10887 -4.50401 -0.00332 0.00475 0.85510 0.51843
1633434172 -94.07303 166.36442 -4.51640 -0.00345 0.00357 0.85533 0.51806
1633434172 -91.97725 167.62764 -4.52780 -0.00330 0.00399 0.85555 0.51770
1633434172 -89.89145 168.88619 -4.53901 -0.00285 0.00376 0.85560 0.51761
1633434173 -87.78728 170.15886 -4.55346 -0.00159 0.00316 0.85576 0.51736
1633434173 -85.69504 171.42956 -4.55956 -0.00165 0.00361 0.85595 0.51704
1633434173 -83.58051 172.72224 -4.56866 -0.00253 0.00527 0.85598 0.51698
1633434173 -81.46915 174.01408 -4.57855 -0.00266 0.00628 0.85616 0.51667
1633434174 -79.34260 175.31385 -4.59001 -0.00339 0.00600 0.85641 0.51626
1633434174 -77.22730 176.61332 -4.59813 -0.00477 0.00553 0.85681 0.51559
1633434174 -75.08641 177.93279 -4.60213 -0.00623 0.00520 0.85732 0.51471
1633434175 -72.93407 179.25166 -4.60509 -0.00726 0.00529 0.85785 0.51383
1633434175 -70.77782 180.57891 -4.60373 -0.00750 0.00529 0.85839 0.51292
1633434175 -68.62095 181.90791 -4.60531 -0.00649 0.00594 0.85885 0.51215
1633434176 -66.46386 183.23931 -4.60957 -0.00600 0.00670 0.85893 0.51201
1633434176 -63.60154 185.00696 -4.62045 -0.00558 0.00623 0.85899 0.51192
1633434176 -61.46190 186.32615 -4.62717 -0.00573 0.00579 0.85873 0.51236
1633434177 -59.33757 187.63668 -4.63121 -0.00594 0.00524 0.85817 0.51331
1633434177 -57.22361 188.93840 -4.63474 -0.00566 0.00681 0.85741 0.51456
1633434177 -55.13236 190.22426 -4.64046 -0.00640 0.00593 0.85684 0.51551
1633434178 -51.66557 192.34904 -4.64905 -0.00761 0.00652 0.85561 0.51753
1633434178 -48.24742 194.43243 -4.65516 -0.00771 0.00671 0.85438 0.51955
1633434179 -44.19116 196.87913 -4.66394 -0.00779 0.00711 0.85271 0.52228
1633434179 -40.87623 198.86161 -4.67341 -0.00807 0.00709 0.85123 0.52469
1633434180 -36.95544 201.17594 -4.68752 -0.00803 0.00729 0.84919 0.52798
1633434180 -33.75918 203.02664 -4.70165 -0.00779 0.00811 0.84638 0.53246
1633434181 -31.93986 204.06012 -4.70990 -0.00780 0.00822 0.84440 0.53560
1633434181 -30.17239 205.04693 -4.71669 -0.00759 0.00701 0.84248 0.53862
1633434181 -27.25241 206.66625 -4.72468 -0.00755 0.00703 0.83844 0.54490
1633434182 -25.55423 207.57047 -4.72902 -0.00775 0.00716 0.83574 0.54902
1633434182 -23.41281 208.68142 -4.73955 -0.00749 0.00681 0.83230 0.55423
1633434183 -21.40806 209.70197 -4.74485 -0.00739 0.00746 0.82872 0.55957
1633434183 -19.48369 210.65133 -4.75196 -0.00665 0.00726 0.82479 0.56535
1633434183 -18.06815 211.32836 -4.75252 -0.00661 0.00704 0.82125 0.57049
1633434184 -16.71509 211.94375 -4.75765 -0.00630 0.00701 0.81738 0.57602
1633434184 -15.40808 212.54227 -4.75517 -0.00666 0.00736 0.81315 0.58197
1633434184 -14.30046 212.98459 -4.75546 -0.00637 0.00697 0.80886 0.58792
1633434184 -13.33992 213.32733 -4.75609 -0.00629 0.00682 0.80415 0.59436
1633434185 -12.62340 213.51161 -4.75110 -0.00597 0.00680 0.79916 0.60106
1633434185 -11.98378 213.63256 -4.74354 -0.00561 0.00586 0.79399 0.60787
1633434185 -11.32687 213.76491 -4.73934 -0.00563 0.00568 0.78852 0.61496
1633434186 -10.67503 213.88892 -4.73087 -0.00575 0.00517 0.78292 0.62208
1633434186 -10.02506 214.00240 -4.72134 -0.00541 0.00520 0.77740 0.62896
1633434186 -9.32739 214.13358 -4.71186 -0.00520 0.00475 0.77151 0.63618
1633434187 -8.66249 214.23826 -4.69993 -0.00518 0.00383 0.76536 0.64357
1633434187 -7.97063 214.34372 -4.68755 -0.00476 0.00328 0.75868 0.65144
1633434187 -7.30620 214.42598 -4.67604 -0.00461 0.00263 0.75268 0.65836
1633434187 -6.61770 214.50910 -4.66349 -0.00433 0.00216 0.74663 0.66522
1633434188 -5.86984 214.60371 -4.65115 -0.00351 0.00201 0.74066 0.67187
1633434188 -5.05657 214.70852 -4.64483 -0.00358 0.00123 0.73394 0.67921
1633434188 -4.23581 214.79301 -4.63524 -0.00367 0.00080 0.72613 0.68755
1633434189 -3.66440 214.84083 -4.63110 -0.00306 0.00030 0.72076 0.69318
1633434189 -3.06233 214.89091 -4.62535 -0.00249 0.00041 0.71496 0.69917
1633434189 -1.93835 214.93668 -4.61891 -0.00202 -0.00041 0.70295 0.71124
1633434189 -1.33316 214.95274 -4.61698 -0.00167 -0.00022 0.69623 0.71782
1633434190 -0.14740 214.94585 -4.61192 -0.00114 -0.00037 0.68190 0.73145
1633434190 1.01229 214.87197 -4.60456 -0.00088 -0.00077 0.66617 0.74580
1633434190 1.56802 214.80865 -4.60258 -0.00116 -0.00097 0.65787 0.75313
1633434191 2.71381 214.64874 -4.59956 -0.00089 -0.00078 0.64139 0.76721
1633434191 3.81289 214.43101 -4.59714 -0.00106 -0.00123 0.62412 0.78133
1633434192 4.92358 214.14979 -4.59692 -0.00045 -0.00086 0.60476 0.79641
1633434192 5.47342 213.98448 -4.59558 -0.00047 -0.00065 0.59447 0.80412
1633434192 6.58765 213.61092 -4.59574 -0.00061 -0.00005 0.57341 0.81927
1633434192 7.13450 213.40073 -4.59630 -0.00058 0.00059 0.56247 0.82682
1633434193 8.22431 212.93677 -4.59874 -0.00056 0.00160 0.53985 0.84176
1633434193 8.75865 212.67734 -4.59798 -0.00046 0.00187 0.52827 0.84908
1633434193 9.79738 212.12090 -4.60257 -0.00047 0.00294 0.50464 0.86333
1633434194 10.30645 211.81715 -4.60494 -0.00065 0.00327 0.49273 0.87018
1633434194 10.80252 211.49759 -4.60665 -0.00023 0.00352 0.48072 0.87687
1633434194 11.77034 210.82589 -4.61319 -0.00023 0.00387 0.45634 0.88980
1633434194 12.23512 210.46630 -4.61599 -0.00024 0.00392 0.44398 0.89603
1633434195 12.69465 210.09069 -4.61855 -0.00025 0.00399 0.43124 0.90223
1633434195 13.14927 209.70259 -4.62186 -0.00062 0.00430 0.41845 0.90823
1633434195 13.80950 209.09409 -4.62755 -0.00101 0.00443 0.39850 0.91716
1633434195 14.23618 208.66114 -4.63065 -0.00128 0.00440 0.38478 0.92300
1633434196 14.85551 207.98717 -4.63305 -0.00152 0.00374 0.36391 0.93143
1633434196 15.45619 207.26796 -4.63539 -0.00131 0.00347 0.34257 0.93949
1633434196 16.03799 206.50195 -4.63412 -0.00188 0.00333 0.32050 0.94724
1633434196 16.40854 205.96533 -4.63293 -0.00194 0.00345 0.30553 0.95218
1633434197 16.76951 205.40585 -4.63088 -0.00187 0.00267 0.29031 0.95693
1633434197 17.28547 204.53599 -4.62970 -0.00222 0.00159 0.26668 0.96378
1633434197 17.61069 203.92574 -4.62849 -0.00191 0.00098 0.25063 0.96808
1633434197 17.76436 203.60990 -4.62759 -0.00175 0.00103 0.24230 0.97020
1633434197 18.06923 202.96253 -4.62587 -0.00129 0.00071 0.22554 0.97423
1633434198 18.35307 202.29701 -4.62337 -0.00093 -0.00001 0.20896 0.97792
1633434198 18.48413 201.95258 -4.62201 -0.00068 -0.00050 0.20050 0.97969
1633434198 18.74276 201.25302 -4.62150 0.00010 -0.00129 0.18373 0.98298
1633434198 18.86101 200.89256 -4.62053 0.00034 -0.00159 0.17537 0.98450
1633434198 19.08895 200.17140 -4.61948 0.00005 -0.00225 0.15933 0.98722
1633434198 19.19211 199.79774 -4.61840 0.00002 -0.00263 0.15123 0.98849
1633434198 19.39063 199.04643 -4.61932 0.00040 -0.00343 0.13538 0.99079
1633434199 19.56660 198.28316 -4.61944 0.00044 -0.00420 0.11976 0.99279
1633434199 19.64237 197.89405 -4.61927 0.00025 -0.00487 0.11197 0.99370
1633434199 19.78521 197.10795 -4.61773 0.00022 -0.00562 0.09637 0.99533
1633434199 19.90807 196.30694 -4.61773 0.00025 -0.00632 0.08074 0.99672
1633434199 20.00777 195.49053 -4.61877 0.00026 -0.00773 0.06573 0.99781
1633434200 20.08454 194.66605 -4.61878 0.00047 -0.00842 0.05063 0.99868
1633434200 20.13715 193.83021 -4.61840 0.00080 -0.00890 0.03599 0.99931
1633434200 20.17089 192.98242 -4.61924 0.00115 -0.00938 0.02179 0.99972
1633434200 20.18551 192.12320 -4.62121 0.00157 -0.01006 0.00831 0.99991
1633434200 20.17718 191.25888 -4.62247 0.00134 -0.01029 -0.00510 0.99993
1633434201 20.14842 190.38906 -4.62451 0.00118 -0.00948 -0.01844 0.99978
1633434201 20.09463 189.51774 -4.62723 0.00134 -0.00927 -0.03124 0.99947
1633434201 20.01945 188.64781 -4.62966 0.00089 -0.00910 -0.04364 0.99901
1633434201 19.92404 187.76768 -4.62973 0.00092 -0.00899 -0.05541 0.99842
1633434201 19.80988 186.88166 -4.63326 0.00083 -0.00811 -0.06741 0.99769
1633434202 19.67454 185.99607 -4.63501 0.00006 -0.00784 -0.07889 0.99685
1633434202 19.51930 185.10585 -4.63444 -0.00118 -0.00728 -0.09019 0.99590
1633434202 19.34391 184.21673 -4.63479 -0.00197 -0.00615 -0.10115 0.99485
1633434202 19.14977 183.32407 -4.63658 -0.00205 -0.00529 -0.11220 0.99367
1633434202 18.93760 182.42676 -4.63483 -0.00174 -0.00502 -0.12225 0.99248
1633434203 18.70925 181.52615 -4.63288 -0.00170 -0.00500 -0.13185 0.99126
1633434203 18.46446 180.62176 -4.63057 -0.00158 -0.00386 -0.14141 0.98994
1633434203 18.20287 179.71678 -4.62938 -0.00173 -0.00367 -0.14971 0.98872
1633434203 17.78334 178.37503 -4.62477 -0.00211 -0.00344 -0.16073 0.98699
1633434204 17.33654 177.03626 -4.62175 -0.00209 -0.00275 -0.17127 0.98522
1633434204 16.86115 175.69528 -4.61627 -0.00226 -0.00279 -0.18075 0.98352
1633434204 16.36259 174.35270 -4.61309 -0.00140 -0.00302 -0.18884 0.98200
1633434204 15.83882 173.01091 -4.61010 -0.00127 -0.00324 -0.19596 0.98061
1633434205 15.30022 171.67653 -4.60862 -0.00083 -0.00273 -0.20220 0.97934
1633434205 14.55556 169.89574 -4.60621 -0.00080 -0.00252 -0.20931 0.97785
1633434206 13.78855 168.13059 -4.60509 -0.00013 -0.00261 -0.21475 0.97666
1633434206 13.00361 166.34684 -4.60773 0.00079 -0.00303 -0.21863 0.97580
1633434206 12.21000 164.57279 -4.60828 0.00059 -0.00293 -0.22106 0.97525
1633434207 11.21731 162.37799 -4.61255 0.00028 -0.00250 -0.22213 0.97501
1633434207 10.42453 160.61618 -4.61296 -0.00012 -0.00207 -0.22130 0.97520
1633434208 9.64136 158.86659 -4.61355 -0.00105 -0.00167 -0.21935 0.97564
1633434208 9.06693 157.54742 -4.60836 -0.00135 -0.00072 -0.21735 0.97609
1633434208 8.50129 156.22660 -4.60544 -0.00160 -0.00070 -0.21381 0.97687
1633434209 7.95986 154.92341 -4.59615 -0.00151 0.00021 -0.20892 0.97793
1633434209 7.43468 153.62003 -4.59269 -0.00189 0.00058 -0.20357 0.97906
1633434209 6.93448 152.33591 -4.58277 -0.00089 0.00145 -0.19781 0.98024
1633434209 6.44853 151.04602 -4.57563 -0.00063 0.00176 -0.19168 0.98146
1633434210 6.00197 149.79762 -4.57012 0.00054 0.00275 -0.18569 0.98260
1633434210 5.57221 148.55599 -4.56528 0.00037 0.00345 -0.17947 0.98376
1633434210 5.17402 147.34974 -4.56119 -0.00001 0.00383 -0.17285 0.98494
1633434211 4.80394 146.15521 -4.55911 0.00084 0.00444 -0.16482 0.98631
1633434211 4.58669 145.38923 -4.55713 0.00059 0.00503 -0.15837 0.98737
1633434211 4.39861 144.65354 -4.55409 0.00102 0.00547 -0.15113 0.98850
1633434211 4.22143 143.91706 -4.55331 0.00101 0.00608 -0.14316 0.98968
1633434211 4.06777 143.20881 -4.55194 0.00059 0.00651 -0.13488 0.99084
1633434212 3.94376 142.52946 -4.55278 0.00004 0.00683 -0.12618 0.99198
1633434212 3.83361 141.85631 -4.55314 0.00029 0.00716 -0.11708 0.99310
1633434212 3.73452 141.20073 -4.55488 -0.00004 0.00767 -0.10838 0.99408
1633434212 3.64805 140.57410 -4.55464 0.00009 0.00789 -0.09994 0.99496
1633434212 3.57590 139.97925 -4.55485 -0.00017 0.00820 -0.09133 0.99579
1633434213 3.51824 139.40452 -4.55527 -0.00038 0.00792 -0.08232 0.99657
1633434213 3.47630 138.85511 -4.55824 -0.00072 0.00830 -0.07359 0.99725
1633434213 3.44392 138.32077 -4.55886 -0.00082 0.00857 -0.06541 0.99782
1633434213 3.42113 137.79081 -4.55997 -0.00145 0.00884 -0.05622 0.99838
1633434213 3.41291 137.27551 -4.55977 -0.00202 0.00881 -0.04655 0.99888
1633434214 3.41532 136.77343 -4.56294 -0.00201 0.00858 -0.03717 0.99927
1633434214 3.42479 136.26456 -4.56518 -0.00156 0.00911 -0.02807 0.99956
1633434214 3.44588 135.75889 -4.56675 -0.00133 0.00867 -0.01824 0.99980
1633434214 3.47882 135.26325 -4.56836 -0.00122 0.00896 -0.00873 0.99992
1633434214 3.52078 134.77039 -4.56823 -0.00124 0.00934 0.00064 0.99996
1633434215 3.57067 134.27640 -4.57022 -0.00113 0.00906 0.01041 0.99990
1633434215 3.63015 133.78616 -4.57304 -0.00109 0.00912 0.01981 0.99976
1633434215 3.70128 133.30429 -4.57540 -0.00117 0.00912 0.02984 0.99951
1633434215 3.78149 132.82270 -4.57790 -0.00093 0.00880 0.04032 0.99915
1633434215 3.87431 132.35452 -4.58250 -0.00092 0.00923 0.05065 0.99867
1633434216 3.98094 131.89803 -4.58550 -0.00060 0.00934 0.06253 0.99800
1633434216 4.10067 131.45233 -4.58945 -0.00033 0.00933 0.07486 0.99715
1633434216 4.22678 131.00420 -4.59442 -0.00002 0.00957 0.08634 0.99622
1633434216 4.36544 130.56835 -4.60103 -0.00003 0.01011 0.09822 0.99511
1633434216 4.50319 130.16029 -4.60628 0.00048 0.01062 0.10808 0.99409
1633434217 4.64195 129.76912 -4.61177 0.00092 0.01052 0.11772 0.99299
1633434217 4.78492 129.39989 -4.61721 0.00078 0.01060 0.12696 0.99185
1633434217 4.92589 129.04890 -4.62382 0.00086 0.01072 0.13469 0.99083
1633434217 5.14484 128.56855 -4.63390 0.00168 0.01054 0.14731 0.98903
1633434218 5.29443 128.25960 -4.64049 0.00143 0.01056 0.15590 0.98772
1633434218 5.44621 127.95488 -4.64675 0.00181 0.01057 0.16470 0.98629
1633434218 5.60231 127.66004 -4.65328 0.00246 0.01077 0.17350 0.98477
1633434218 5.76265 127.37187 -4.66015 0.00276 0.01123 0.18169 0.98329
1633434218 6.01531 126.95981 -4.66881 0.00233 0.01123 0.19464 0.98081
1633434219 6.18406 126.69050 -4.67469 0.00241 0.01170 0.20291 0.97912
1633434219 6.44068 126.30736 -4.68553 0.00218 0.01258 0.21385 0.97678
1633434219 6.70195 125.92810 -4.69625 0.00195 0.01223 0.22375 0.97457
1633434220 6.96019 125.56228 -4.70667 0.00194 0.01135 0.23284 0.97245
1633434220 7.22524 125.19616 -4.71719 0.00171 0.01159 0.24151 0.97033
1633434220 7.48623 124.84026 -4.72867 0.00152 0.01223 0.24945 0.96831
1633434221 7.83723 124.38467 -4.74545 0.00125 0.01191 0.25893 0.96582
1633434221 8.18381 123.94137 -4.76195 0.00086 0.01200 0.26788 0.96338
1633434221 8.53021 123.52069 -4.77649 0.00075 0.01180 0.27710 0.96077
1633434222 8.87095 123.11485 -4.79416 0.00082 0.01207 0.28610 0.95812
1633434222 9.29726 122.62508 -4.81604 0.00091 0.01254 0.29562 0.95522
1633434223 9.71553 122.15374 -4.83415 0.00088 0.01326 0.30442 0.95245
1633434223 10.12821 121.69632 -4.85162 0.00162 0.01296 0.31243 0.94985
1633434224 10.60920 121.17965 -4.87208 0.00244 0.01282 0.32113 0.94695
1633434224 11.08852 120.68971 -4.89037 0.00234 0.01268 0.32879 0.94432
1633434225 11.54928 120.20803 -4.90589 0.00162 0.01308 0.33631 0.94166
1633434226 11.88961 119.80903 -4.91782 0.00166 0.01259 0.34241 0.93947
1633434226 12.24393 119.40750 -4.92641 0.00039 0.01116 0.34841 0.93728
1633434227 12.60810 118.96716 -4.93586 0.00109 0.01198 0.35449 0.93498
1633434227 12.98524 118.51329 -4.94053 0.00133 0.01310 0.36093 0.93250
1633434228 13.37169 118.06840 -4.94512 0.00152 0.01397 0.36683 0.93018
1633434228 13.79295 117.62707 -4.95011 0.00197 0.01447 0.37320 0.92763
1633434229 14.32178 117.12614 -4.96090 0.00265 0.01585 0.37947 0.92506
1633434229 14.84633 116.64330 -4.97266 0.00251 0.01620 0.38419 0.92311
1633434230 15.43920 116.09803 -4.98469 0.00230 0.01597 0.38761 0.92168
1633434231 16.13300 115.44970 -5.00294 0.00242 0.01451 0.38699 0.92197
1633434231 16.79448 114.82423 -5.01751 0.00048 0.01314 0.38145 0.92430
1633434232 17.26029 114.36397 -5.03297 -0.00066 0.01207 0.37484 0.92701
1633434232 17.84576 113.81099 -5.04147 -0.00335 0.01187 0.36719 0.93006
1633434233 18.34452 113.33607 -5.05008 -0.00504 0.01205 0.35941 0.93309
1633434233 18.81839 112.87571 -5.05599 -0.00657 0.01175 0.35130 0.93617
1633434234 19.25803 112.42216 -5.06051 -0.00776 0.01287 0.34171 0.93969
1633434234 19.62392 111.98846 -5.05831 -0.00662 0.01247 0.33162 0.94331
1633434234 19.98447 111.59048 -5.05927 -0.00582 0.01241 0.32278 0.94637
1633434235 20.27831 111.22397 -5.05558 -0.00558 0.01245 0.31409 0.94930
1633434235 20.51521 110.88296 -5.04944 -0.00475 0.01349 0.30340 0.95276
1633434235 20.77537 110.50848 -5.04459 -0.00438 0.01348 0.29218 0.95626
1633434235 20.94530 110.24919 -5.04074 -0.00413 0.01365 0.28475 0.95849
1633434236 21.19108 109.85906 -5.03780 -0.00364 0.01442 0.27279 0.96196
1633434236 21.33952 109.59055 -5.03342 -0.00365 0.01553 0.26233 0.96485
1633434236 21.47389 109.31916 -5.02995 -0.00382 0.01529 0.25050 0.96799
1633434236 21.59132 109.04546 -5.02778 -0.00419 0.01460 0.23641 0.97154
1633434237 21.70812 108.75491 -5.02641 -0.00440 0.01400 0.22098 0.97517
1633434237 21.76672 108.59355 -5.02444 -0.00455 0.01346 0.21305 0.97694
1633434237 21.81387 108.44296 -5.02329 -0.00477 0.01305 0.20526 0.97861
1633434237 21.86324 108.28361 -5.02141 -0.00511 0.01282 0.19711 0.98028
1633434237 21.95460 107.98578 -5.01954 -0.00558 0.01276 0.18109 0.98337
1633434237 22.02484 107.70223 -5.01728 -0.00572 0.01284 0.16480 0.98623
1633434237 22.04936 107.56032 -5.01459 -0.00582 0.01271 0.15667 0.98755
1633434237 22.07315 107.41260 -5.01175 -0.00608 0.01252 0.14812 0.98887
1633434238 22.12405 107.12258 -5.00749 -0.00639 0.01229 0.13145 0.99123
1633434238 22.14329 106.97276 -5.00463 -0.00615 0.01216 0.12358 0.99224
1633434238 22.16179 106.81642 -5.00127 -0.00572 0.01202 0.11534 0.99324
1633434238 22.17585 106.66712 -4.99832 -0.00548 0.01186 0.10720 0.99415
1633434238 22.18752 106.51354 -4.99548 -0.00533 0.01193 0.09880 0.99502
1633434238 22.19569 106.36509 -4.99241 -0.00520 0.01216 0.09076 0.99579
1633434238 22.20169 106.21219 -4.98895 -0.00506 0.01218 0.08251 0.99650
1633434238 22.20318 106.06564 -4.98506 -0.00491 0.01206 0.07422 0.99716
1633434238 22.20034 105.91663 -4.98124 -0.00480 0.01185 0.06509 0.99780
1633434239 22.19073 105.62922 -4.97549 -0.00464 0.01121 0.04595 0.99887
1633434239 22.17771 105.48456 -4.97195 -0.00458 0.01057 0.03656 0.99927
1633434239 22.16141 105.33605 -4.96856 -0.00448 0.00974 0.02696 0.99958
1633434239 22.14197 105.19035 -4.96551 -0.00434 0.00874 0.01742 0.99980
1633434239 22.12027 105.03978 -4.96220 -0.00422 0.00804 0.00760 0.99993
1633434239 22.09669 104.89284 -4.95847 -0.00424 0.00768 -0.00208 0.99996
1633434239 22.07015 104.74162 -4.95449 -0.00434 0.00748 -0.01213 0.99989
1633434239 22.04088 104.59714 -4.95075 -0.00447 0.00710 -0.02166 0.99973
1633434239 22.00821 104.45032 -4.94681 -0.00458 0.00677 -0.03116 0.99948
1633434240 21.97388 104.30700 -4.94296 -0.00467 0.00663 -0.04037 0.99915
1633434240 21.93696 104.16058 -4.93886 -0.00482 0.00675 -0.05007 0.99871
1633434240 21.89748 104.01872 -4.93520 -0.00500 0.00685 -0.05991 0.99817
1633434240 21.85187 103.87151 -4.93174 -0.00532 0.00659 -0.07032 0.99749
1633434240 21.80479 103.73268 -4.92832 -0.00569 0.00602 -0.07983 0.99677
1633434240 21.75397 103.58682 -4.92447 -0.00598 0.00546 -0.08967 0.99594
1633434240 21.70205 103.44447 -4.92090 -0.00619 0.00521 -0.09951 0.99500
1633434240 21.64591 103.29951 -4.91745 -0.00625 0.00503 -0.10999 0.99390
1633434240 21.58628 103.16024 -4.91448 -0.00627 0.00467 -0.12019 0.99272
1633434240 21.52243 103.01542 -4.91150 -0.00635 0.00420 -0.13048 0.99142
1633434241 21.45682 102.87604 -4.90772 -0.00647 0.00398 -0.14027 0.99008
1633434241 21.38883 102.73511 -4.90376 -0.00668 0.00401 -0.15020 0.98863
1633434241 21.31063 102.60713 -4.89873 -0.00701 0.00412 -0.16011 0.98707
1633434241 21.24453 102.45794 -4.89601 -0.00745 0.00417 -0.17020 0.98537
1633434241 21.16085 102.33071 -4.89051 -0.00783 0.00407 -0.18009 0.98361
1633434241 21.08899 102.18322 -4.88809 -0.00829 0.00388 -0.19002 0.98174
1633434241 21.00828 102.04948 -4.88412 -0.00844 0.00350 -0.19991 0.97977
1633434241 20.92499 101.91245 -4.87913 -0.00831 0.00319 -0.21016 0.97763
1633434241 20.83988 101.77873 -4.87586 -0.00827 0.00315 -0.22012 0.97543
1633434241 20.75018 101.64063 -4.87332 -0.00819 0.00279 -0.23022 0.97310
1633434242 20.65895 101.50757 -4.86984 -0.00815 0.00252 -0.23976 0.97079
1633434242 20.56250 101.37267 -4.86522 -0.00833 0.00247 -0.24972 0.96828
1633434242 20.46461 101.24130 -4.85998 -0.00879 0.00270 -0.25965 0.96566
1633434242 20.36095 101.10783 -4.85454 -0.00936 0.00305 -0.26987 0.96285
1633434242 20.25520 100.97723 -4.84984 -0.00979 0.00334 -0.27997 0.95995
1633434242 20.14418 100.84667 -4.84554 -0.01004 0.00337 -0.29031 0.95687
1633434242 20.03315 100.72242 -4.84217 -0.01023 0.00337 -0.30043 0.95374
1633434242 19.91650 100.59664 -4.83834 -0.01037 0.00314 -0.31079 0.95042
1633434242 19.79994 100.47568 -4.83434 -0.01060 0.00303 -0.32077 0.94709
1633434242 19.67645 100.35296 -4.83070 -0.01099 0.00312 -0.33090 0.94360
1633434243 19.55578 100.23645 -4.82634 -0.01135 0.00298 -0.34048 0.94018
1633434243 19.42789 100.11771 -4.82093 -0.01171 0.00302 -0.35027 0.93657
1633434243 19.29983 100.00333 -4.81575 -0.01199 0.00312 -0.35988 0.93292
1633434243 19.16464 99.88817 -4.81106 -0.01216 0.00310 -0.36992 0.92898
1633434243 19.03076 99.77967 -4.80718 -0.01220 0.00317 -0.37950 0.92511
1633434243 18.89247 99.67308 -4.80403 -0.01214 0.00325 -0.38916 0.92108
1633434243 18.75570 99.57118 -4.80048 -0.01211 0.00308 -0.39854 0.91707
1633434243 18.61244 99.46910 -4.79537 -0.01220 0.00280 -0.40808 0.91286
1633434243 18.47030 99.37253 -4.79002 -0.01241 0.00272 -0.41711 0.90877
1633434243 18.31882 99.27405 -4.78463 -0.01268 0.00259 -0.42657 0.90436
1633434244 18.17262 99.18188 -4.77985 -0.01277 0.00242 -0.43556 0.90007
1633434244 18.01828 99.08911 -4.77547 -0.01264 0.00223 -0.44480 0.89554
1633434244 17.86742 99.00152 -4.77106 -0.01246 0.00189 -0.45350 0.89117
1633434244 17.70769 98.91300 -4.76607 -0.01214 0.00164 -0.46258 0.88649
1633434244 17.55354 98.83049 -4.76096 -0.01191 0.00158 -0.47132 0.88188
1633434244 17.39091 98.74805 -4.75522 -0.01186 0.00154 -0.48033 0.87701
1633434244 17.23252 98.67107 -4.74987 -0.01184 0.00143 -0.48867 0.87239
1633434244 17.06347 98.59313 -4.74483 -0.01173 0.00112 -0.49722 0.86754
1633434244 16.89824 98.51998 -4.73963 -0.01152 0.00073 -0.50532 0.86285
1633434244 16.72678 98.44773 -4.73426 -0.01135 0.00047 -0.51357 0.85797
1633434245 16.55792 98.38033 -4.72922 -0.01144 0.00045 -0.52170 0.85305
1633434245 16.38353 98.31573 -4.72361 -0.01172 0.00047 -0.53023 0.84777
1633434245 16.21478 98.25693 -4.71875 -0.01204 0.00058 -0.53838 0.84261
1633434245 16.03925 98.19902 -4.71482 -0.01210 0.00052 -0.54651 0.83736
1633434245 15.86702 98.14444 -4.71117 -0.01182 0.00024 -0.55414 0.83234
1633434245 15.68747 98.09031 -4.70768 -0.01151 -0.00017 -0.56179 0.82720
1633434245 15.51818 98.04138 -4.70325 -0.01157 -0.00010 -0.56884 0.82237
1633434245 15.33869 97.99421 -4.69738 -0.01184 0.00023 -0.57625 0.81719
1633434245 15.16537 97.95126 -4.69197 -0.01231 0.00074 -0.58342 0.81208
1633434245 14.98788 97.90959 -4.68670 -0.01284 0.00102 -0.59071 0.80678
1633434246 14.81455 97.87121 -4.68197 -0.01317 0.00119 -0.59754 0.80173
1633434246 14.63297 97.83510 -4.67772 -0.01322 0.00131 -0.60450 0.79649
1633434246 14.28274 97.78946 -4.67017 -0.01346 0.00124 -0.61796 0.78609
1633434246 14.10754 97.76372 -4.66554 -0.01360 0.00112 -0.62460 0.78082
1633434246 13.76030 97.73642 -4.65664 -0.01412 0.00143 -0.63745 0.77036
1633434246 13.41200 97.71957 -4.64678 -0.01452 0.00192 -0.65014 0.75968
1633434247 13.06107 97.71282 -4.63692 -0.01484 0.00232 -0.66255 0.74886
1633434247 12.70866 97.71799 -4.62656 -0.01499 0.00201 -0.67453 0.73809
1633434247 12.35584 97.73090 -4.61738 -0.01538 0.00234 -0.68647 0.72699
1633434247 11.99967 97.75354 -4.60791 -0.01591 0.00234 -0.69751 0.71640
1633434247 11.63741 97.78787 -4.59821 -0.01616 0.00229 -0.70809 0.70593
1633434248 11.27605 97.82593 -4.58798 -0.01527 0.00194 -0.71848 0.69538
1633434248 10.91949 97.87586 -4.57911 -0.01494 0.00187 -0.72823 0.68517
1633434248 10.55738 97.93551 -4.56904 -0.01493 0.00169 -0.73799 0.67464
1633434248 10.20178 98.00654 -4.55873 -0.01505 0.00105 -0.74795 0.66359
1633434248 9.84740 98.08787 -4.54797 -0.01540 0.00053 -0.75726 0.65293
1633434249 9.50080 98.18127 -4.53930 -0.01564 -0.00005 -0.76638 0.64220
1633434249 9.14175 98.27896 -4.52989 -0.01510 -0.00071 -0.77483 0.63199
1633434249 8.78302 98.38407 -4.51955 -0.01428 -0.00116 -0.78319 0.62162
1633434249 8.44382 98.50165 -4.51078 -0.01386 -0.00169 -0.79100 0.61166
1633434249 8.09998 98.63009 -4.50294 -0.01401 -0.00246 -0.79892 0.60127
1633434250 7.74301 98.76294 -4.49427 -0.01415 -0.00310 -0.80660 0.59092
1633434250 7.38904 98.90432 -4.48614 -0.01447 -0.00348 -0.81401 0.58066
1633434250 7.03235 99.05485 -4.47971 -0.01359 -0.00339 -0.82132 0.57029
1633434250 6.67532 99.21223 -4.47238 -0.01314 -0.00373 -0.82833 0.56007
1633434250 6.32551 99.37804 -4.46537 -0.01284 -0.00397 -0.83508 0.54997
1633434251 5.98934 99.55226 -4.46054 -0.01276 -0.00440 -0.84152 0.54006
1633434251 5.65058 99.73582 -4.45553 -0.01260 -0.00508 -0.84773 0.53026
1633434251 5.30503 99.92740 -4.45146 -0.01211 -0.00568 -0.85359 0.52077
1633434251 4.96310 100.12576 -4.44690 -0.01166 -0.00620 -0.85901 0.51179
1633434251 4.62361 100.32935 -4.44298 -0.01036 -0.00659 -0.86503 0.50157
1633434252 4.30551 100.52911 -4.43935 0.00998 0.00793 0.86983 -0.49320
1633434252 3.87464 100.81403 -4.43420 0.00943 0.00939 0.87521 -0.48357
1633434252 3.48728 101.08266 -4.42937 0.00923 0.00794 0.87948 -0.47579
1633434252 3.09324 101.37616 -4.42708 0.00845 0.00722 0.88542 -0.46466
1633434253 2.83367 101.57461 -4.42617 0.00815 0.00859 0.88933 -0.45711
1633434253 2.57908 101.77806 -4.42396 0.00895 0.00901 0.89333 -0.44922
1633434253 2.31554 101.99023 -4.42099 0.00883 0.00917 0.89753 -0.44076
1633434253 2.05583 102.20509 -4.42009 0.00843 0.00932 0.90137 -0.43287
1633434253 1.80962 102.42113 -4.42058 0.00772 0.00918 0.90527 -0.42467
1633434254 1.54300 102.65140 -4.42065 0.00729 0.00976 0.90895 -0.41673
1633434254 1.16205 103.00236 -4.42210 0.00672 0.01038 0.91393 -0.40569
1633434254 0.78760 103.36436 -4.42214 0.00612 0.01015 0.91891 -0.39430
1633434255 0.44311 103.71718 -4.42564 0.00492 0.01046 0.92349 -0.38345
1633434255 0.11096 104.06655 -4.42792 0.00277 0.01090 0.92782 -0.37286
1633434255 -0.19102 104.39785 -4.42817 0.00181 0.01093 0.93120 -0.36434
1633434255 -0.47334 104.71844 -4.43114 0.00157 0.01116 0.93419 -0.35660
1633434256 -0.75043 105.05320 -4.43538 0.00270 0.01100 0.93750 -0.34779
1633434256 -1.04296 105.41691 -4.44134 0.00251 0.01125 0.94105 -0.33808
1633434256 -1.33335 105.79850 -4.44960 0.00038 0.01079 0.94480 -0.32748
1633434257 -1.62282 106.19879 -4.45664 -0.00064 0.01052 0.94824 -0.31739
1633434257 -1.91038 106.61373 -4.46220 -0.00127 0.01031 0.95169 -0.30688
1633434257 -2.20165 107.05077 -4.47084 -0.00214 0.01064 0.95504 -0.29629
1633434258 -2.48391 107.49086 -4.47595 -0.00368 0.01047 0.95813 -0.28610
1633434258 -2.76465 107.94239 -4.48075 -0.00490 0.01038 0.96109 -0.27600
1633434258 -3.02313 108.37843 -4.48424 -0.00460 0.01066 0.96377 -0.26648
1633434258 -3.25823 108.79794 -4.49131 -0.00383 0.01039 0.96625 -0.25736
1633434259 -3.48922 109.21079 -4.50099 -0.00482 0.01087 0.96844 -0.24896
1633434259 -3.70236 109.61334 -4.50961 -0.00631 0.01068 0.97077 -0.23971
1633434259 -3.89793 109.99986 -4.51758 -0.00572 0.01038 0.97291 -0.23088
1633434260 -4.07535 110.37350 -4.52526 -0.00448 0.01052 0.97491 -0.22231
1633434260 -4.24372 110.73014 -4.53388 -0.00442 0.01038 0.97662 -0.21468
1633434260 -4.44886 111.19930 -4.54131 -0.00463 0.00951 0.97842 -0.20634
1633434261 -4.65559 111.70348 -4.54529 -0.00396 0.00868 0.98029 -0.19731
1633434261 -4.86553 112.24878 -4.55029 -0.00411 0.00885 0.98220 -0.18756
1633434262 -5.05893 112.79916 -4.55275 -0.00427 0.00965 0.98398 -0.17796
1633434262 -5.24439 113.34708 -4.55988 -0.00315 0.00876 0.98571 -0.16819
1633434262 -5.37377 113.77418 -4.56095 -0.00274 0.00719 0.98697 -0.16072
1633434263 -5.51878 114.25753 -4.56272 -0.00353 0.00692 0.98829 -0.15240
1633434263 -5.65506 114.76130 -4.56263 -0.00395 0.00715 0.98943 -0.14479
1633434263 -5.83881 115.47613 -4.56316 -0.00391 0.00820 0.99096 -0.13388
1633434264 -5.96474 116.00852 -4.56448 -0.00411 0.00812 0.99227 -0.12376
1633434264 -6.08875 116.57019 -4.57038 -0.00203 0.00641 0.99351 -0.11351
1633434264 -6.17411 116.97033 -4.57363 -0.00224 0.00642 0.99445 -0.10500
1633434264 -6.25278 117.37799 -4.57628 -0.00256 0.00774 0.99526 -0.09692
1633434265 -6.35856 117.99652 -4.57803 -0.00302 0.00710 0.99635 -0.08500
1633434265 -6.42222 118.41938 -4.57839 -0.00344 0.00705 0.99708 -0.07596
1633434265 -6.48052 118.85272 -4.58336 -0.00384 0.00774 0.99776 -0.06641
1633434265 -6.53238 119.29141 -4.58763 -0.00463 0.00797 0.99834 -0.05693
1633434265 -6.57248 119.72589 -4.58982 -0.00512 0.00798 0.99884 -0.04724
1633434266 -6.60433 120.15577 -4.59056 -0.00580 0.00854 0.99925 -0.03734
1633434266 -6.63629 120.59581 -4.59188 -0.00631 0.00938 0.99950 -0.02946
1633434266 -6.66260 121.25974 -4.59590 -0.00687 0.00926 0.99979 -0.01723
1633434266 -6.68201 121.67955 -4.59994 -0.00728 0.00879 0.99990 -0.00870
1633434266 -6.68783 122.10907 -4.60366 -0.00762 0.00865 0.99993 0.00010
1633434267 -6.67870 122.52814 -4.59587 -0.00828 0.00893 0.99989 0.00871
1633434267 -6.67426 122.92069 -4.61384 -0.00906 0.00868 0.99977 0.01722
1633434267 -6.65816 123.30585 -4.62046 -0.00971 0.00854 0.99959 0.02544
1633434267 -6.63409 123.68636 -4.63252 -0.01047 0.00849 0.99936 0.03327
1633434268 -6.58584 124.26427 -4.63181 -0.01100 0.00850 0.99891 0.04445
1633434268 -6.53732 124.81114 -4.63460 -0.01040 0.00789 0.99841 0.05489
1633434268 -6.47692 125.37554 -4.64293 -0.01059 0.00847 0.99782 0.06458
1633434268 -6.42141 125.87190 -4.64176 -0.01167 0.00856 0.99714 0.07418
1633434269 -6.33086 126.32782 -4.63890 -0.01235 0.00772 0.99616 0.08632
1633434269 -6.28513 126.64078 -4.64797 -0.01214 0.00691 0.99544 0.09433
1633434269 -6.23218 126.96339 -4.64964 -0.01212 0.00720 0.99461 0.10272
1633434269 -6.15652 127.22452 -4.65995 -0.01232 0.00732 0.99378 0.11046
1633434270 -6.05134 127.68426 -4.65081 -0.01245 0.00710 0.99284 0.11855
1633434270 -5.88817 128.37893 -4.64793 -0.01313 0.00675 0.99178 0.12711
1633434270 -5.73430 129.04046 -4.65353 -0.01391 0.00795 0.99065 0.13549
1633434271 -5.55892 129.65814 -4.65338 -0.01427 0.00463 0.98961 0.14298
1633434271 -5.41722 130.18802 -4.65113 -0.01436 0.00518 0.98871 0.14905
1633434272 -5.23058 130.85540 -4.64973 -0.01421 0.00606 0.98770 0.15557
1633434272 -4.96283 131.72735 -4.64203 -0.01363 0.00542 0.98648 0.16320
1633434273 -4.61866 132.83112 -4.63995 -0.01319 0.00656 0.98541 0.16959
1633434273 -4.22863 133.97508 -4.63775 -0.01209 0.00733 0.98445 0.17507
1633434274 -3.68455 135.50190 -4.63631 -0.01028 0.00746 0.98363 0.17974
1633434275 -3.04509 137.31826 -4.63851 -0.00866 0.00974 0.98304 0.18291
1633434276 -2.63747 138.42849 -4.64257 -0.00569 0.00880 0.98273 0.18476
1633434276 -2.06020 139.91620 -4.63561 -0.00363 0.01113 0.98131 0.19205
1633434277 -1.62045 140.97878 -4.64574 -0.00050 0.00977 0.97965 0.20048
1633434278 -1.16646 142.03324 -4.64878 0.00054 0.01115 0.97748 0.21071
1633434278 -0.79355 142.89007 -4.66178 0.00351 0.00834 0.97585 0.21826
1633434279 -0.30694 143.96968 -4.66622 0.00346 0.01089 0.97394 0.22651
1633434279 0.09500 144.84701 -4.68058 0.00514 0.00871 0.97217 0.23405
1633434280 0.52225 145.77662 -4.68570 0.00627 0.01011 0.97023 0.24188
1633434280 1.06837 146.83019 -4.68809 0.00785 0.00881 0.96812 0.25022
1633434281 1.54810 147.78462 -4.70440 0.00901 0.00962 0.96654 0.25617
1633434281 2.21483 149.03010 -4.71244 0.00991 0.01018 0.96458 0.26342
1633434282 2.73758 149.96563 -4.73177 0.01133 0.00943 0.96290 0.26946
1633434283 3.39709 151.08867 -4.74237 0.01230 0.00878 0.96125 0.27527
1633434294 4.11562 153.53878 -5.70096 0.00500 0.00222 0.96221 0.27224
1633434294 2.76959 150.22021 -5.13206 0.00577 0.00773 0.96423 0.26488
1633434295 1.55336 147.99227 -4.72259 0.00806 0.01079 0.96623 0.25734
1633434295 1.16682 147.37189 -4.67686 0.00705 0.01202 0.96843 0.24890
1633434296 0.88393 146.92285 -4.66059 0.00820 0.01142 0.97051 0.24064
1633434296 0.57412 146.42812 -4.64005 0.00708 0.01238 0.97268 0.23172
1633434296 0.32816 145.99016 -4.63980 0.00820 0.01100 0.97471 0.22305
1633434297 -0.01611 145.35363 -4.61266 0.00836 0.01063 0.97698 0.21288
1633434297 -0.28001 144.83843 -4.61775 0.00778 0.01018 0.97901 0.20340
1633434298 -0.57190 144.22332 -4.55996 0.00695 0.01141 0.98083 0.19441
1633434299 -1.02566 143.21059 -4.51618 0.00717 0.01111 0.98262 0.18518
1633434300 -1.61916 141.61639 -4.43010 0.00697 0.01152 0.98367 0.17945
1633434302 -2.17492 139.67945 -4.37064 0.00588 0.01137 0.98362 0.17983
1633434304 -2.62484 138.02968 -4.35502 0.00376 0.01111 0.98314 0.18249
1633434305 -2.95929 136.77389 -4.35366 0.00012 0.01056 0.98230 0.18702
1633434307 -3.23606 135.43361 -4.31535 -0.00457 0.00976 0.98166 0.19032
1633434308 -3.44987 134.41895 -4.31963 -0.00570 0.00892 0.98309 0.18281
1633434309 -3.55856 134.51144 -4.42006 -0.00632 0.00785 0.98481 0.17332
1633434310 -3.58418 134.54739 -4.48489 -0.00700 0.00741 0.98641 0.16396
1633434311 -3.65978 134.30235 -4.50281 -0.00718 0.00695 0.98804 0.15389
1633434311 -3.74428 134.03856 -4.52543 -0.00760 0.00650 0.98947 0.14437
1633434313 -3.94972 133.19556 -4.49716 -0.00754 0.00602 0.99058 0.13663
1633434315 -4.39731 131.25141 -4.43011 -0.00820 0.00550 0.99000 0.14069
1633434316 -4.81727 129.92031 -4.40749 -0.00823 0.00586 0.98914 0.14664
1633434317 -5.19711 128.66150 -4.38801 -0.00824 0.00658 0.98824 0.15256
1633434318 -5.51657 127.53622 -4.37343 -0.00783 0.00702 0.98736 0.15813
1633434320 -5.83988 126.35204 -4.37779 -0.00672 0.00590 0.98657 0.16309
1633434322 -6.40507 124.36791 -4.33637 -0.00394 0.00600 0.98643 0.16400
1633434324 -7.06332 122.02722 -4.31297 -0.00298 0.00561 0.98653 0.16344
1633434326 -7.50571 120.06897 -4.32329 -0.00303 0.00440 0.98731 0.15869
1633434329 -8.03712 118.08662 -4.33223 -0.00426 0.00334 0.98718 0.15952
1633434331 -8.44726 116.60682 -4.32889 -0.00422 0.00447 0.98664 0.16283
1633434332 -8.72174 115.65355 -4.33590 -0.00593 0.00603 0.98579 0.16775
1633434334 -9.07014 114.51960 -4.34818 -0.00607 0.00491 0.98497 0.17255
1633434336 -9.61606 112.80527 -4.33931 -0.00716 0.00561 0.98503 0.17214
1633434339 -10.01435 111.51990 -4.34360 -0.00627 0.00919 0.98547 0.16949
1633434354 -10.07572 111.31447 -4.40223 0.00161 -0.00022 0.98538 0.17038
1633434355 -9.88466 112.03820 -4.41180 0.00130 -0.00667 0.98544 0.16992
1633434356 -9.60981 113.03138 -4.54175 -0.00058 -0.00546 0.98634 0.16463
1633434357 -9.08903 115.28190 -4.89724 -0.00243 0.00011 0.98671 0.16246
1633434358 -8.49222 117.57919 -4.86953 -0.00274 0.00132 0.98660 0.16311
1633434360 -7.83982 120.28061 -4.80424 -0.00293 0.00236 0.98626 0.16515
1633434361 -7.39979 121.65771 -4.60758 -0.00033 0.00498 0.98620 0.16548
1633434362 -6.81338 123.72449 -4.54022 -0.00173 0.00763 0.98587 0.16734
1633434363 -6.44727 124.97021 -4.47164 -0.00316 0.00674 0.98498 0.17251
1633434364 -6.17158 125.96530 -4.47552 -0.00468 0.00873 0.98401 0.17785
1633434364 -5.87556 126.89155 -4.47275 -0.00482 0.00603 0.98287 0.18416
1633434365 -5.59809 127.50451 -4.41737 -0.00497 0.00814 0.98074 0.19510
1633434365 -5.46256 127.70947 -4.38961 -0.00392 0.00784 0.97924 0.20250
1633434365 -5.37398 127.72589 -4.34435 -0.00306 0.00605 0.97766 0.21010
1633434366 -5.15067 128.28460 -4.30012 -0.00307 0.00645 0.97580 0.21857
1633434366 -4.95823 128.65658 -4.28262 -0.00271 0.00890 0.97335 0.22916
1633434366 -4.72114 129.13024 -4.28265 -0.00110 0.01013 0.97049 0.24091
1633434366 -4.59523 129.38149 -4.28062 0.00014 0.00976 0.96847 0.24893
1633434367 -4.41477 129.70876 -4.27038 0.00038 0.00872 0.96621 0.25759
1633434367 -4.24386 130.00582 -4.26026 -0.00023 0.00905 0.96361 0.26717
1633434367 -4.02501 130.34342 -4.26247 -0.00039 0.01158 0.96064 0.27756
1633434367 -3.79768 130.70247 -4.24010 -0.00018 0.01306 0.95756 0.28795
1633434367 -3.58224 131.01858 -4.23860 0.00001 0.01357 0.95407 0.29929
1633434368 -3.35631 131.30575 -4.24690 0.00195 0.01419 0.95034 0.31088
1633434368 -3.13516 131.57184 -4.24603 0.00455 0.01485 0.94619 0.32324
1633434368 -2.86515 131.89655 -4.23910 0.00662 0.01426 0.94173 0.33599
1633434368 -2.58305 132.22031 -4.23217 0.00809 0.01434 0.93704 0.34882
1633434368 -2.29534 132.52971 -4.22763 0.00892 0.01480 0.93210 0.36178
1633434369 -2.00494 132.82409 -4.22842 0.00863 0.01546 0.92664 0.37552
1633434369 -1.68150 133.13869 -4.23332 0.00715 0.01760 0.91991 0.39167
1633434369 -1.52044 133.27450 -4.23833 0.00691 0.01857 0.91600 0.40068
1633434369 -1.36154 133.39869 -4.23616 0.00673 0.01906 0.91217 0.40931
1633434369 -1.18567 133.53724 -4.23450 0.00717 0.01882 0.90814 0.41818
1633434369 -1.02489 133.65714 -4.23436 0.00763 0.01837 0.90438 0.42627
1633434369 -0.84802 133.78724 -4.23452 0.00838 0.01806 0.90054 0.43432
1633434369 -0.67644 133.90991 -4.23676 0.00863 0.01812 0.89661 0.44238
1633434370 -0.50145 134.02997 -4.24063 0.00825 0.01872 0.89217 0.45124
1633434370 -0.32832 134.14180 -4.24539 0.00752 0.01952 0.88748 0.46037
1633434370 -0.14933 134.25260 -4.25120 0.00739 0.01971 0.88270 0.46947
1633434370 0.02277 134.35468 -4.25540 0.00762 0.01960 0.87822 0.47779
1633434370 0.19964 134.45475 -4.25930 0.00775 0.01924 0.87359 0.48622
1633434370 0.37259 134.54654 -4.26349 0.00764 0.01877 0.86886 0.49465
1633434370 0.55957 134.64239 -4.26688 0.00815 0.01852 0.86364 0.50371
1633434370 0.74299 134.73116 -4.26984 0.00919 0.01842 0.85855 0.51232
1633434370 0.92736 134.81489 -4.27437 0.01000 0.01827 0.85347 0.52073
1633434370 1.10194 134.89076 -4.27893 0.01068 0.01808 0.84837 0.52898
1633434371 1.27937 134.96586 -4.28162 0.01105 0.01806 0.84290 0.53766
1633434371 1.45365 135.03401 -4.28468 0.01095 0.01764 0.83743 0.54615
1633434371 1.63403 135.09808 -4.28896 0.01067 0.01696 0.83186 0.55463
1633434371 1.80684 135.15363 -4.29318 0.01031 0.01636 0.82646 0.56266
1633434371 1.98557 135.20866 -4.29700 0.00984 0.01600 0.82069 0.57107
1633434371 2.15447 135.25613 -4.29877 0.00958 0.01619 0.81508 0.57904
1633434371 2.33574 135.30379 -4.30085 0.00950 0.01648 0.80933 0.58704
1633434371 2.51093 135.34486 -4.30265 0.00951 0.01650 0.80365 0.59479
1633434371 2.69072 135.38372 -4.30353 0.00944 0.01666 0.79753 0.60297
1633434371 2.85612 135.41384 -4.30307 0.00933 0.01688 0.79157 0.61078
1633434372 3.19772 135.48073 -4.30271 0.00948 0.01711 0.77959 0.62599
1633434372 3.53200 135.52635 -4.29813 0.00917 0.01658 0.76758 0.64067
1633434372 3.87094 135.56582 -4.29937 0.00872 0.01676 0.75513 0.65531
1633434372 4.04085 135.57432 -4.30062 0.00866 0.01690 0.74867 0.66267
1633434372 4.19701 135.57643 -4.30040 0.00835 0.01720 0.74231 0.66979
1633434372 4.35817 135.57502 -4.29992 0.00789 0.01755 0.73568 0.67705
1633434372 4.51827 135.57140 -4.29752 0.00782 0.01772 0.72909 0.68414
1633434373 4.68550 135.56611 -4.29426 0.00803 0.01784 0.72240 0.69119
1633434373 4.83725 135.56020 -4.29117 0.00814 0.01809 0.71587 0.69795
1633434373 5.00421 135.54896 -4.28866 0.00818 0.01826 0.70892 0.70500
1633434373 5.16467 135.53494 -4.28687 0.00809 0.01810 0.70197 0.71193
1633434373 5.50749 135.50714 -4.28799 0.00724 0.01765 0.68781 0.72564
1633434373 5.86089 135.46346 -4.29392 0.00752 0.01673 0.67335 0.73910
1633434373 6.04258 135.42907 -4.29713 0.00775 0.01650 0.66581 0.74589
1633434374 6.39442 135.37213 -4.30293 0.00748 0.01701 0.65063 0.75917
1633434374 6.77626 135.29054 -4.30561 0.00804 0.01714 0.63527 0.77206
1633434374 6.93372 135.24637 -4.30346 0.00800 0.01753 0.62760 0.77830
1633434374 7.23706 135.16620 -4.29776 0.00775 0.01809 0.61190 0.79069
1633434374 7.38443 135.11041 -4.29532 0.00745 0.01816 0.60383 0.79687
1633434374 7.67545 134.99748 -4.29089 0.00675 0.01857 0.58779 0.80877
1633434375 7.97422 134.86245 -4.29043 0.00618 0.01855 0.57167 0.82025
1633434375 8.12000 134.78366 -4.29065 0.00615 0.01829 0.56358 0.82584
1633434375 8.43083 134.61667 -4.29008 0.00515 0.01750 0.54720 0.83680
1633434375 8.75215 134.42340 -4.29052 0.00427 0.01737 0.53005 0.84778
1633434375 9.07570 134.21824 -4.29080 0.00460 0.01764 0.51220 0.85867
1633434375 9.23806 134.10022 -4.29087 0.00456 0.01749 0.50336 0.86389
1633434376 9.54124 133.87667 -4.28923 0.00418 0.01689 0.48603 0.87377
1633434376 9.68590 133.75329 -4.28825 0.00387 0.01649 0.47737 0.87854
1633434376 9.83226 133.62525 -4.28722 0.00369 0.01646 0.46842 0.88334
1633434376 10.11015 133.38320 -4.28475 0.00333 0.01712 0.45013 0.89279
1633434376 10.23553 133.25366 -4.28419 0.00314 0.01755 0.44084 0.89741
1633434376 10.48257 132.99645 -4.28056 0.00301 0.01790 0.42251 0.90618
1633434376 10.71467 132.73564 -4.27261 0.00278 0.01739 0.40419 0.91451
1633434377 10.82357 132.59507 -4.26788 0.00240 0.01724 0.39490 0.91856
1633434377 10.93059 132.45027 -4.26375 0.00213 0.01720 0.38527 0.92264
1633434377 11.14484 132.16023 -4.25732 0.00225 0.01730 0.36570 0.93057
1633434377 11.25214 131.99653 -4.25390 0.00239 0.01716 0.35577 0.93441
1633434377 11.46980 131.66215 -4.24648 0.00202 0.01673 0.33656 0.94151
1633434377 11.57698 131.47829 -4.24299 0.00171 0.01645 0.32685 0.94493
1633434377 11.78682 131.11491 -4.23544 0.00095 0.01638 0.30721 0.95150
1633434378 11.88298 130.92391 -4.23171 0.00063 0.01663 0.29717 0.95468
1633434378 11.97186 130.74156 -4.22836 0.00042 0.01670 0.28717 0.95773
1633434378 12.15436 130.34166 -4.22196 0.00025 0.01623 0.26753 0.96341
1633434378 12.23893 130.12930 -4.21830 0.00003 0.01595 0.25764 0.96611
1633434378 12.31283 129.92739 -4.21384 -0.00032 0.01573 0.24780 0.96868
1633434378 12.37552 129.73824 -4.20759 -0.00064 0.01550 0.23783 0.97118
1633434378 12.43286 129.55698 -4.20087 -0.00085 0.01553 0.22808 0.97352
1633434378 12.48152 129.37998 -4.19403 -0.00099 0.01562 0.21821 0.97578
1633434378 12.52683 129.20519 -4.18758 -0.00117 0.01578 0.20836 0.97792
1633434379 12.61599 128.85482 -4.17641 -0.00158 0.01600 0.18886 0.98187
1633434379 12.65262 128.67474 -4.17025 -0.00180 0.01610 0.17906 0.98371
1633434379 12.71339 128.33836 -4.15638 -0.00238 0.01582 0.15944 0.98708
1633434379 12.74067 128.16374 -4.14919 -0.00244 0.01571 0.14964 0.98861
1633434379 12.79041 127.81030 -4.13616 -0.00247 0.01580 0.13009 0.99137
1633434379 12.80898 127.60613 -4.12956 -0.00253 0.01571 0.12023 0.99262
1633434380 12.84213 127.20083 -4.11592 -0.00261 0.01550 0.10090 0.99477
1633434380 12.85220 126.98387 -4.10899 -0.00268 0.01548 0.09115 0.99571
1633434380 12.85832 126.77085 -4.10188 -0.00271 0.01553 0.08144 0.99655
1633434380 12.85972 126.56468 -4.09453 -0.00272 0.01541 0.07179 0.99730
1633434380 12.85634 126.36916 -4.08696 -0.00268 0.01522 0.06225 0.99794
1633434380 12.84942 126.18394 -4.07948 -0.00276 0.01508 0.05269 0.99849
1633434380 12.83803 126.00041 -4.07167 -0.00288 0.01495 0.04311 0.99895
1633434380 12.81027 125.66502 -4.05552 -0.00308 0.01470 0.02425 0.99959
1633434380 12.79028 125.49272 -4.04735 -0.00322 0.01456 0.01507 0.99978
1633434381 12.76741 125.32188 -4.03942 -0.00329 0.01444 0.00587 0.99987
1633434381 12.74057 125.14377 -4.03144 -0.00334 0.01432 -0.00326 0.99989
1633434381 12.70973 124.96160 -4.02384 -0.00350 0.01420 -0.01233 0.99982
1633434381 12.67511 124.77672 -4.01604 -0.00363 0.01407 -0.02138 0.99967
1633434381 12.63723 124.59056 -4.00803 -0.00371 0.01382 -0.03025 0.99944
1633434381 12.59696 124.40486 -4.00010 -0.00379 0.01357 -0.03891 0.99914
1633434381 12.55451 124.22064 -3.99176 -0.00379 0.01349 -0.04731 0.99878
1633434381 12.51158 124.04369 -3.98341 -0.00367 0.01337 -0.05544 0.99837
1633434381 12.46561 123.86388 -3.97529 -0.00361 0.01331 -0.06339 0.99789
1633434381 12.41993 123.69605 -3.96741 -0.00354 0.01323 -0.07094 0.99739
1633434382 12.32923 123.38849 -3.95104 -0.00374 0.01303 -0.08534 0.99626
1633434382 12.23560 123.09514 -3.93396 -0.00403 0.01317 -0.09887 0.99501
1633434382 12.14269 122.81877 -3.91758 -0.00392 0.01311 -0.11146 0.99368
1633434382 12.04857 122.55804 -3.89967 -0.00397 0.01291 -0.12289 0.99233
1633434382 11.95277 122.30223 -3.88172 -0.00435 0.01285 -0.13311 0.99101
1633434383 11.85705 122.04793 -3.86509 -0.00467 0.01286 -0.14237 0.98972
1633434383 11.75891 121.80271 -3.84789 -0.00471 0.01292 -0.15136 0.98838
1633434383 11.65435 121.55345 -3.82984 -0.00505 0.01268 -0.15897 0.98719
1633434383 11.48831 121.16956 -3.80352 -0.00509 0.01266 -0.16974 0.98540
1633434384 11.34028 120.81806 -3.77579 -0.00526 0.01274 -0.17867 0.98381
1633434384 11.17521 120.44290 -3.74739 -0.00554 0.01280 -0.18650 0.98236
1633434384 10.94284 119.92887 -3.70841 -0.00602 0.01239 -0.19439 0.98083
1633434385 10.66729 119.27836 -3.65928 -0.00642 0.01244 -0.19939 0.97982
1633434386 10.21598 118.06445 -3.57233 -0.00700 0.01250 -0.19576 0.98055
1633434386 9.99327 117.46450 -3.53142 -0.00703 0.01283 -0.18910 0.98185
1633434387 9.79688 116.84455 -3.49147 -0.00642 0.01369 -0.18272 0.98305
1633434387 9.35967 115.61661 -3.40356 -0.00572 0.01347 -0.19067 0.98154
1633434388 9.16664 115.18186 -3.37142 -0.00556 0.01352 -0.19985 0.97972
1633434388 8.96860 114.73975 -3.34187 -0.00674 0.01315 -0.21011 0.97757
1633434388 8.76875 114.28596 -3.31145 -0.00647 0.01245 -0.21791 0.97587
1633434389 8.36836 113.32618 -3.24539 -0.00640 0.01281 -0.22038 0.97531
1633434389 7.98489 112.29057 -3.17730 -0.00620 0.01256 -0.21502 0.97651
1633434390 7.50637 110.99135 -3.09354 -0.00521 0.01385 -0.21998 0.97539
1633434390 7.26380 110.40242 -3.05695 -0.00629 0.01321 -0.22930 0.97325
1633434391 7.08052 109.98925 -3.03245 -0.00585 0.01295 -0.23673 0.97147
1633434391 6.88050 109.61477 -3.00744 -0.00579 0.01303 -0.24536 0.96933
1633434391 6.66366 109.21422 -2.98101 -0.00663 0.01252 -0.25245 0.96751
1633434391 6.32176 108.55199 -2.94121 -0.00597 0.01243 -0.26075 0.96531
1633434392 5.95002 107.83416 -2.89909 -0.00582 0.01247 -0.26903 0.96303
1633434392 5.55357 107.09242 -2.85711 -0.00594 0.01210 -0.27750 0.96063
1633434392 5.12821 106.31587 -2.81308 -0.00575 0.01145 -0.28585 0.95819
1633434393 4.66940 105.52392 -2.76848 -0.00623 0.01181 -0.29410 0.95568
1633434393 4.00032 104.38394 -2.70524 -0.00575 0.01180 -0.30322 0.95283
1633434393 3.28869 103.18910 -2.64243 -0.00605 0.01202 -0.30891 0.95100
1633434394 2.36037 101.64274 -2.55894 -0.00658 0.01188 -0.31208 0.94996
1633434394 1.22136 99.71237 -2.45344 -0.00826 0.01018 -0.30924 0.95089
1633434395 0.64397 98.69550 -2.40069 -0.00820 0.00925 -0.30146 0.95340
1633434395 0.08867 97.67645 -2.34997 -0.00726 0.00957 -0.29094 0.95667
1633434395 -0.45345 96.61397 -2.30093 -0.00621 0.00956 -0.27750 0.96066
1633434396 -0.80865 95.90142 -2.27102 -0.00475 0.00930 -0.26765 0.96346
1633434396 -1.14804 95.19073 -2.24130 -0.00405 0.00879 -0.25659 0.96647
1633434396 -1.47657 94.43921 -2.21185 -0.00351 0.00854 -0.24468 0.96956
1633434396 -1.78207 93.69677 -2.18376 -0.00266 0.00880 -0.23184 0.97271
1633434396 -2.07146 92.93414 -2.15611 -0.00208 0.00913 -0.21853 0.97579
1633434397 -2.34360 92.16910 -2.12902 -0.00120 0.00855 -0.20515 0.97869
1633434397 -2.59639 91.38768 -2.10355 0.00026 0.00830 -0.19181 0.98140
1633434397 -2.83096 90.61769 -2.07757 0.00100 0.00706 -0.17816 0.98398
1633434397 -3.03631 89.84582 -2.05156 0.00153 0.00697 -0.16451 0.98635
1633434397 -3.21481 89.09212 -2.02833 0.00249 0.00688 -0.15117 0.98848
1633434398 -3.37391 88.34486 -2.00573 0.00338 0.00660 -0.13762 0.99046
1633434398 -3.51421 87.60668 -1.98643 0.00430 0.00572 -0.12370 0.99229
1633434398 -3.63712 86.87439 -1.96753 0.00493 0.00446 -0.11013 0.99389
1633434398 -3.73634 86.15600 -1.94752 0.00532 0.00266 -0.09576 0.99539
1633434398 -3.80765 85.47447 -1.93117 0.00619 0.00231 -0.08059 0.99673
1633434399 -3.86671 84.83811 -1.91113 0.00688 0.00256 -0.06745 0.99770
1633434399 -3.91177 84.24026 -1.89004 0.00667 0.00265 -0.05773 0.99831
1633434399 -3.94726 83.67606 -1.87278 0.00590 0.00101 -0.04793 0.99883
1633434399 -3.97345 83.12854 -1.85629 0.00567 -0.00106 -0.03965 0.99920
1633434399 -4.00077 82.31931 -1.83214 0.00553 -0.00301 -0.02741 0.99960
1633434400 -4.00763 81.53326 -1.80875 0.00513 -0.00199 -0.01540 0.99987
1633434400 -3.99953 80.77240 -1.78817 0.00472 -0.00097 -0.00395 0.99998
1633434400 -3.97794 80.01557 -1.76789 0.00248 -0.00239 0.00657 0.99997
1633434401 -3.95340 79.48586 -1.75426 0.00081 -0.00424 0.01384 0.99989
1633434401 -3.91390 78.93642 -1.73913 0.00174 -0.00527 0.02140 0.99976
1633434401 -3.82542 78.06946 -1.71551 0.00143 -0.00478 0.03261 0.99946
1633434401 -3.72996 77.10817 -1.69350 0.00049 -0.00469 0.04430 0.99901
1633434402 -3.62222 76.48088 -1.67711 0.00103 -0.00453 0.05192 0.99864
1633434402 -3.46035 75.43463 -1.65341 0.00067 -0.00447 0.06332 0.99798
1633434402 -3.25304 74.36782 -1.62830 0.00053 -0.00469 0.07421 0.99723
1633434402 -3.01360 73.26174 -1.60571 0.00100 -0.00528 0.08427 0.99643
1633434403 -2.73920 72.13100 -1.57703 0.00085 -0.00645 0.09334 0.99561
1633434403 -2.36213 70.49594 -1.54809 0.00173 -0.00756 0.10444 0.99450
1633434404 -1.95144 68.80380 -1.51853 0.00350 -0.00691 0.11392 0.99346
1633434404 -1.50278 67.15262 -1.48659 0.00319 -0.00657 0.12165 0.99255
1633434404 -1.01372 65.52234 -1.45608 0.00247 -0.00639 0.12840 0.99170
1633434405 -0.35294 63.07820 -1.40913 0.00134 -0.00603 0.13495 0.99083
1633434405 0.26707 60.99140 -1.37181 -0.00053 -0.00686 0.13671 0.99059
1633434406 1.08991 58.27103 -1.32769 0.00062 -0.00560 0.13493 0.99084
1633434407 1.81931 55.80086 -1.27911 -0.00056 -0.00544 0.12946 0.99157
1633434407 2.28337 54.27974 -1.25929 -0.00280 -0.00520 0.12355 0.99232
1633434407 2.88789 52.18399 -1.21156 -0.00277 -0.00557 0.11634 0.99319
1633434408 3.47232 50.06518 -1.16310 -0.00115 -0.00721 0.10946 0.99396
1633434408 3.94133 48.44951 -1.11954 -0.00299 -0.00644 0.10419 0.99453
1633434408 4.37105 46.86976 -1.08372 -0.00248 -0.00562 0.09821 0.99515
1633434409 4.77203 45.26528 -1.04320 -0.00257 -0.00506 0.09215 0.99573
1633434409 5.11190 43.68706 -1.01217 -0.00144 -0.00723 0.08589 0.99628
1633434409 5.43032 42.09466 -0.97815 -0.00150 -0.00770 0.07875 0.99686
1633434409 5.73295 40.50152 -0.95283 -0.00062 -0.00938 0.07238 0.99733
1633434410 6.11019 38.41826 -0.91522 0.00113 -0.00776 0.06345 0.99795
1633434410 6.46091 36.36269 -0.88781 0.00234 -0.00733 0.05533 0.99844
1633434411 6.69808 34.88301 -0.86645 0.00265 -0.00708 0.04913 0.99876
1633434411 6.95284 33.06855 -0.84011 0.00274 -0.00720 0.04238 0.99907
1633434411 7.16960 31.35982 -0.81948 0.00242 -0.00783 0.03595 0.99932
1633434412 7.34254 29.45145 -0.79116 0.00146 -0.00844 0.02800 0.99957
1633434412 7.45668 27.67956 -0.76738 0.00166 -0.00843 0.02072 0.99975
1633434413 7.52272 26.01765 -0.74200 0.00156 -0.00829 0.01246 0.99989
1633434413 7.55495 24.74718 -0.72784 0.00105 -0.00895 0.00524 0.99995
1633434414 7.59753 23.14972 -0.69534 0.00071 -0.00869 -0.00395 0.99995
1633434414 7.61769 21.58281 -0.66167 0.00023 -0.00928 -0.01390 0.99986
1633434415 7.60608 20.37861 -0.62122 -0.00043 -0.00917 -0.02209 0.99971
1633434415 7.57882 19.19425 -0.58109 -0.00030 -0.00878 -0.03055 0.99949
1633434415 7.55581 17.93375 -0.54592 -0.00019 -0.00905 -0.04016 0.99915
1633434416 7.52733 16.98911 -0.52903 -0.00031 -0.00866 -0.04803 0.99881
1633434416 7.47512 16.10135 -0.51447 -0.00037 -0.00804 -0.05600 0.99840
1633434416 7.39542 15.29161 -0.49573 -0.00011 -0.00775 -0.06390 0.99793
1633434417 7.30681 14.42917 -0.47621 -0.00137 -0.00800 -0.07188 0.99738
1633434417 7.20196 13.58406 -0.45891 -0.00074 -0.00719 -0.08068 0.99671
1633434417 7.08265 12.72257 -0.44417 -0.00186 -0.00659 -0.08954 0.99596
1633434418 6.94669 11.86578 -0.42988 -0.00199 -0.00638 -0.09858 0.99511
1633434418 6.79504 11.05826 -0.41403 -0.00287 -0.00632 -0.10651 0.99429
1633434418 6.63475 10.27468 -0.39942 -0.00282 -0.00557 -0.11277 0.99360
1633434419 6.41506 9.20619 -0.37703 -0.00279 -0.00436 -0.11939 0.99283
1633434419 6.18407 8.15161 -0.35664 -0.00250 -0.00370 -0.12488 0.99216
1633434419 5.94350 7.10228 -0.33778 -0.00216 -0.00204 -0.12930 0.99160
1633434420 5.69362 6.10211 -0.32174 -0.00169 -0.00093 -0.13317 0.99109
1633434420 5.43277 5.04615 -0.30603 -0.00117 -0.00005 -0.13733 0.99053
1633434421 5.15879 4.08483 -0.29234 -0.00060 0.00141 -0.14330 0.98968
1633434421 4.93093 3.34527 -0.28439 -0.00031 0.00236 -0.14962 0.98874
1633434421 4.68289 2.56522 -0.27834 0.00017 0.00342 -0.15842 0.98737
1633434421 4.50322 2.02095 -0.27517 0.00049 0.00402 -0.16566 0.98618
1633434422 4.31058 1.46164 -0.27107 0.00066 0.00450 -0.17431 0.98468
1633434422 4.10656 0.89774 -0.26721 0.00088 0.00480 -0.18409 0.98290
1633434422 3.88679 0.31810 -0.26151 0.00113 0.00491 -0.19504 0.98078
1633434422 3.65855 -0.25083 -0.25569 0.00107 0.00505 -0.20693 0.97834
1633434422 3.40930 -0.83173 -0.25075 0.00103 0.00517 -0.21967 0.97556
1633434423 3.14936 -1.39140 -0.24509 0.00135 0.00537 -0.23283 0.97250
1633434423 2.87019 -1.94370 -0.24025 0.00134 0.00521 -0.24610 0.96923
1633434423 2.58515 -2.47532 -0.23549 0.00134 0.00540 -0.25934 0.96577
1633434423 2.27901 -3.02083 -0.23194 0.00171 0.00561 -0.27268 0.96209
1633434423 1.97254 -3.49614 -0.22780 0.00281 0.00551 -0.28747 0.95777
1633434424 1.67994 -3.92651 -0.21986 0.00257 0.00387 -0.29945 0.95410
1633434424 1.39892 -4.32250 -0.21298 0.00143 0.00273 -0.30823 0.95131
1633434424 1.11658 -4.69627 -0.20570 0.00049 0.00260 -0.31714 0.94838
1633434424 0.84216 -5.04941 -0.19920 0.00014 0.00237 -0.32375 0.94614
1633434424 0.43618 -5.57190 -0.19040 0.00006 0.00233 -0.33159 0.94342
1633434425 0.04954 -6.04454 -0.18059 -0.00019 0.00184 -0.33944 0.94063
1633434425 -0.31781 -6.47709 -0.17089 -0.00051 0.00085 -0.34517 0.93854
1633434425 -0.77426 -7.00057 -0.15936 -0.00036 0.00021 -0.35075 0.93647
1633434426 -1.28984 -7.58022 -0.14431 -0.00049 -0.00024 -0.35596 0.93450
1633434427 -1.85654 -8.21561 -0.12650 -0.00095 -0.00170 -0.36011 0.93291
1633434427 -2.39648 -8.79961 -0.11083 -0.00035 -0.00391 -0.36332 0.93166
1633434428 -2.50595 -8.85494 -0.08646 -0.00175 -0.00338 -0.36252 0.93197
