1633433987 0.51001 -1.71253 0.05074 0.00685 -0.04606 -0.10587 0.99329
1633433988 0.46086 -1.92055 0.06864 0.00832 -0.04567 -0.11399 0.99240
1633433988 0.48849 -2.04171 0.06741 0.00816 -0.04202 -0.12185 0.99162
1633433989 0.48233 -2.22297 0.06790 0.00942 -0.03832 -0.12984 0.99075
1633433989 0.49892 -2.35510 0.06693 0.00872 -0.03705 -0.13808 0.98969
1633433989 0.49086 -2.49917 0.07127 0.00825 -0.03411 -0.14576 0.98870
1633433990 0.49721 -2.64866 0.06842 0.00755 -0.03150 -0.15362 0.98760
1633433990 0.46948 -2.81683 0.07570 0.00662 -0.03028 -0.16146 0.98639
1633433991 0.43995 -3.01391 0.07718 0.00596 -0.02945 -0.16894 0.98517
1633433991 0.40955 -3.21028 0.08121 0.00572 -0.03001 -0.17705 0.98373
1633433992 0.37103 -3.41310 0.08310 0.00529 -0.03029 -0.18350 0.98254
1633433992 0.28909 -3.65898 0.09675 0.00567 -0.03209 -0.18881 0.98147
1633433994 0.19234 -3.92623 0.12239 0.00501 -0.03475 -0.19326 0.98052
1633433995 -0.01713 -4.47417 0.14753 0.00341 -0.03448 -0.19577 0.98004
1633433996 -0.40236 -5.31656 0.17422 0.00321 -0.03476 -0.19559 0.98006
1633433997 -0.45312 -5.34377 0.18797 0.00378 -0.03496 -0.19545 0.98008
1633433997 -0.38777 -5.30759 0.19546 0.00173 -0.03357 -0.19603 0.98002
1633434011 -0.47292 -5.80324 0.09364 -0.00375 -0.02925 -0.20011 0.97933
1633434011 -0.58734 -6.07693 0.09256 -0.00140 -0.02849 -0.20440 0.97847
1633434012 -0.64956 -6.32965 0.12539 -0.00098 -0.03039 -0.21280 0.97662
1633434012 -0.75122 -6.64486 0.13049 -0.00382 -0.03016 -0.21944 0.97515
1633434013 -0.87281 -6.99087 0.15121 -0.00133 -0.02839 -0.22817 0.97321
1633434013 -0.97808 -7.26601 0.17840 -0.00047 -0.02957 -0.23653 0.97117
1633434013 -1.08034 -7.64321 0.16666 -0.00095 -0.02977 -0.24653 0.96868
1633434014 -1.19627 -7.98357 0.17663 0.00052 -0.02822 -0.25825 0.96567
1633434014 -1.26225 -8.13037 0.18502 0.00287 -0.02860 -0.26524 0.96375
1633434014 -1.37472 -8.40293 0.19646 0.00439 -0.02939 -0.27464 0.96109
1633434014 -1.48811 -8.67330 0.20045 0.00373 -0.02976 -0.28394 0.95837
1633434015 -1.62218 -8.95594 0.20438 0.00493 -0.02943 -0.29234 0.95585
1633434015 -1.77403 -9.25269 0.21513 0.00445 -0.02984 -0.30005 0.95345
1633434015 -1.91369 -9.52858 0.22568 0.00375 -0.03111 -0.30740 0.95106
1633434016 -2.06004 -9.79493 0.25312 0.00136 -0.03098 -0.31500 0.94858
1633434016 -2.27294 -10.13188 0.27188 0.00029 -0.03064 -0.32222 0.94617
1633434016 -2.52829 -10.51999 0.27653 -0.00251 -0.03010 -0.32930 0.94374
1633434016 -2.81708 -10.95291 0.29051 -0.00338 -0.03029 -0.33506 0.94170
1633434017 -3.14681 -11.42505 0.31102 -0.00301 -0.03140 -0.34062 0.93967
1633434017 -3.51212 -11.93428 0.32698 -0.00375 -0.03439 -0.34555 0.93776
1633434017 -3.95076 -12.51212 0.33353 -0.00314 -0.03436 -0.35040 0.93597
1633434018 -4.39023 -13.07759 0.34727 -0.00243 -0.03673 -0.35412 0.93447
1633434018 -4.89287 -13.69407 0.34854 -0.00020 -0.03721 -0.35771 0.93309
1633434018 -5.38257 -14.27877 0.34363 0.00156 -0.04038 -0.36114 0.93164
1633434019 -5.84857 -14.86499 0.33499 0.00230 -0.03952 -0.36410 0.93052
1633434019 -6.26027 -15.35335 0.32663 0.00024 -0.03972 -0.36669 0.92949
1633434019 -6.66980 -15.83105 0.31826 -0.00022 -0.03906 -0.36931 0.92849
1633434019 -7.05394 -16.26001 0.31257 -0.00305 -0.03987 -0.37211 0.92733
1633434020 -7.45963 -16.72177 0.31903 -0.00582 -0.03863 -0.37581 0.92587
1633434020 -7.90425 -17.22197 0.33089 -0.00567 -0.03957 -0.37917 0.92446
1633434020 -8.38706 -17.77400 0.34743 -0.00465 -0.03820 -0.38333 0.92281
1633434021 -8.87202 -18.31436 0.35685 -0.00346 -0.03698 -0.38812 0.92086
1633434021 -9.38606 -18.88208 0.36310 -0.00112 -0.03434 -0.39361 0.91864
1633434021 -9.88878 -19.39747 0.37458 0.00060 -0.03285 -0.39960 0.91610
1633434022 -10.46589 -19.98398 0.38056 -0.00007 -0.02913 -0.40647 0.91320
1633434022 -10.89374 -20.43092 0.38216 -0.00113 -0.02730 -0.41099 0.91123
1633434022 -11.31157 -20.85693 0.38841 -0.00068 -0.02526 -0.41581 0.90910
1633434022 -11.77439 -21.31682 0.39342 -0.00003 -0.02366 -0.42065 0.90692
1633434022 -12.24473 -21.75657 0.39562 0.00057 -0.02259 -0.42524 0.90480
1633434023 -12.71765 -22.21456 0.39313 0.00091 -0.02080 -0.42971 0.90272
1633434023 -13.19850 -22.65328 0.39696 0.00300 -0.01944 -0.43390 0.90075
1633434023 -13.93224 -23.30910 0.38636 0.00705 -0.01764 -0.43948 0.89805
1633434023 -14.66419 -23.94697 0.36843 0.00929 -0.01620 -0.44472 0.89547
1633434024 -15.36411 -24.54558 0.34919 0.01034 -0.01506 -0.44929 0.89320
1633434024 -16.11712 -25.18570 0.32160 0.01136 -0.01388 -0.45326 0.89120
1633434024 -16.86261 -25.80988 0.28862 0.01339 -0.01271 -0.45681 0.88937
1633434025 -17.64375 -26.45337 0.25631 0.01372 -0.01116 -0.46037 0.88755
1633434025 -18.45096 -27.09738 0.23206 0.01377 -0.00996 -0.46395 0.88570
1633434025 -19.29100 -27.74683 0.20839 0.01433 -0.00978 -0.46750 0.88382
1633434025 -20.12637 -28.39834 0.18302 0.01372 -0.00852 -0.47098 0.88200
1633434026 -20.89257 -28.99256 0.16723 0.01413 -0.00770 -0.47459 0.88006
1633434026 -21.58453 -29.50999 0.15832 0.01541 -0.00813 -0.47853 0.87790
1633434026 -22.27956 -29.99389 0.16353 0.01396 -0.00693 -0.48289 0.87554
1633434027 -22.97169 -30.48478 0.16415 0.01323 -0.00629 -0.48717 0.87318
1633434027 -23.70790 -30.98789 0.16191 0.01452 -0.00698 -0.49140 0.87078
1633434027 -24.38462 -31.44041 0.16154 0.01391 -0.00579 -0.49564 0.86840
1633434028 -25.13434 -31.94078 0.14971 0.01279 -0.00518 -0.49922 0.86637
1633434028 -25.86795 -32.43352 0.14565 0.01219 -0.00466 -0.50219 0.86466
1633434028 -26.52878 -32.86938 0.14693 0.01320 -0.00522 -0.50416 0.86349
1633434028 -27.29767 -33.37625 0.13447 0.01374 -0.00521 -0.50581 0.86252
1633434029 -28.17239 -33.95123 0.10519 0.01383 -0.00580 -0.50699 0.86182
1633434029 -28.97395 -34.48795 0.08770 0.01322 -0.00609 -0.50746 0.86155
1633434029 -29.84906 -35.06831 0.05832 0.01430 -0.00873 -0.50694 0.86182
1633434030 -30.76924 -35.68143 0.02350 0.01493 -0.01014 -0.50647 0.86207
1633434030 -31.67637 -36.30816 -0.01104 0.01444 -0.01066 -0.50565 0.86255
1633434030 -32.59702 -36.92124 -0.04187 0.01361 -0.01179 -0.50471 0.86310
1633434031 -33.66099 -37.60654 -0.07881 0.01280 -0.01357 -0.50358 0.86375
1633434031 -34.74368 -38.30097 -0.11683 0.01172 -0.01479 -0.50225 0.86452
1633434031 -35.83338 -38.99067 -0.14870 0.01146 -0.01576 -0.50081 0.86534
1633434031 -36.93621 -39.67149 -0.17939 0.01096 -0.01725 -0.49954 0.86605
1633434032 -38.04899 -40.34647 -0.20725 0.00985 -0.01892 -0.49833 0.86673
1633434032 -39.04217 -40.98186 -0.22815 0.00982 -0.02003 -0.49695 0.86749
1633434032 -40.04409 -41.61523 -0.24973 0.01043 -0.02051 -0.49563 0.86823
1633434033 -41.01395 -42.24835 -0.27277 0.01012 -0.02015 -0.49431 0.86900
1633434033 -41.98929 -42.88459 -0.29404 0.00963 -0.02032 -0.49280 0.86985
1633434033 -42.95423 -43.51415 -0.31603 0.00965 -0.02040 -0.49149 0.87059
1633434034 -43.93452 -44.15695 -0.33970 0.00953 -0.02021 -0.49028 0.87128
1633434034 -44.89832 -44.79824 -0.36093 0.00921 -0.02003 -0.48922 0.87188
1633434034 -45.88207 -45.45496 -0.38315 0.00905 -0.01997 -0.48847 0.87231
1633434034 -46.86158 -46.11463 -0.40307 0.00861 -0.01976 -0.48791 0.87263
1633434035 -47.85530 -46.78193 -0.42405 0.00846 -0.01984 -0.48750 0.87286
1633434035 -48.85563 -47.45878 -0.44236 0.00793 -0.01948 -0.48733 0.87296
1633434035 -49.86277 -48.14040 -0.45928 0.00752 -0.01917 -0.48716 0.87307
1633434036 -50.87581 -48.83235 -0.47474 0.00705 -0.01892 -0.48709 0.87312
1633434036 -51.89300 -49.52975 -0.48943 0.00718 -0.01887 -0.48717 0.87307
1633434036 -52.91134 -50.23169 -0.50246 0.00729 -0.01843 -0.48746 0.87292
1633434037 -53.93013 -50.93807 -0.51628 0.00772 -0.01797 -0.48776 0.87276
1633434037 -54.91231 -51.62210 -0.52965 0.00824 -0.01749 -0.48800 0.87263
1633434037 -55.91596 -52.31486 -0.54903 0.00869 -0.01717 -0.48841 0.87240
1633434037 -56.90731 -52.99470 -0.57030 0.00898 -0.01682 -0.48865 0.87227
1633434038 -58.21565 -53.88452 -0.60231 0.00956 -0.01641 -0.48885 0.87216
1633434038 -59.21752 -54.56723 -0.62574 0.00888 -0.01587 -0.48894 0.87213
1633434038 -60.19610 -55.24201 -0.64639 0.00795 -0.01543 -0.48906 0.87208
1633434039 -61.18221 -55.91803 -0.66092 0.00748 -0.01552 -0.48925 0.87197
1633434039 -62.15476 -56.58644 -0.67258 0.00730 -0.01564 -0.48948 0.87184
1633434039 -63.46005 -57.47210 -0.69559 0.00747 -0.01620 -0.48984 0.87163
1633434040 -64.72690 -58.34710 -0.71805 0.00768 -0.01611 -0.49019 0.87143
1633434040 -66.00358 -59.22013 -0.74331 0.00789 -0.01601 -0.49019 0.87143
1633434041 -67.27904 -60.08944 -0.76711 0.00792 -0.01604 -0.48974 0.87168
1633434041 -68.56379 -60.97169 -0.79242 0.00766 -0.01601 -0.48924 0.87197
1633434041 -69.79324 -61.82813 -0.80958 0.00726 -0.01637 -0.48878 0.87222
1633434042 -71.34170 -62.90778 -0.84019 0.00673 -0.01660 -0.48857 0.87234
1633434042 -72.61024 -63.78283 -0.87198 0.00742 -0.01672 -0.48865 0.87229
1633434043 -73.86749 -64.64604 -0.89698 0.00722 -0.01610 -0.48842 0.87243
1633434043 -75.14854 -65.51712 -0.92140 0.00804 -0.01612 -0.48802 0.87265
1633434044 -76.40674 -66.38655 -0.94692 0.00850 -0.01604 -0.48757 0.87290
1633434044 -77.64162 -67.24296 -0.97700 0.00830 -0.01643 -0.48729 0.87304
1633434044 -78.91980 -68.12922 -1.00794 0.00866 -0.01699 -0.48709 0.87314
1633434045 -80.57776 -69.27722 -1.04767 0.00829 -0.01658 -0.48679 0.87332
1633434045 -81.88734 -70.18441 -1.07685 0.00904 -0.01706 -0.48658 0.87342
1633434046 -83.51637 -71.30895 -1.11476 0.00811 -0.01720 -0.48625 0.87362
1633434046 -85.71081 -72.83089 -1.16404 0.00812 -0.01793 -0.48592 0.87378
1633434047 -87.26828 -73.91386 -1.19205 0.00848 -0.01863 -0.48600 0.87372
1633434047 -88.78567 -74.96328 -1.23170 0.00858 -0.01893 -0.48589 0.87378
1633434048 -90.05383 -75.84869 -1.24640 0.00760 -0.01880 -0.48564 0.87392
1633434048 -91.28952 -76.70470 -1.25855 0.00671 -0.01928 -0.48556 0.87397
1633434049 -92.46384 -77.53132 -1.27569 0.00748 -0.02048 -0.48611 0.87363
1633434049 -94.05346 -78.63066 -1.31354 0.00810 -0.02046 -0.48690 0.87318
1633434050 -95.59852 -79.70506 -1.34153 0.00921 -0.01896 -0.48756 0.87283
1633434050 -97.20496 -80.80803 -1.37955 0.01045 -0.01905 -0.48852 0.87228
1633434051 -98.46732 -81.67001 -1.41249 0.01085 -0.01857 -0.48918 0.87192
1633434051 -100.32915 -82.93816 -1.46391 0.01140 -0.01787 -0.48989 0.87153
1633434052 -101.79760 -83.94834 -1.50593 0.01094 -0.01844 -0.49001 0.87145
1633434052 -103.25750 -84.96230 -1.54953 0.01077 -0.01854 -0.49015 0.87138
1633434053 -104.73365 -85.97184 -1.59494 0.01145 -0.01934 -0.49016 0.87134
1633434053 -106.22843 -86.99540 -1.64145 0.01140 -0.01974 -0.49030 0.87126
1633434054 -107.45026 -87.83483 -1.67040 0.01026 -0.01950 -0.49032 0.87126
1633434054 -108.91285 -88.83459 -1.71520 0.01088 -0.01972 -0.49043 0.87119
1633434054 -110.17212 -89.69336 -1.74942 0.01112 -0.02000 -0.49063 0.87107
1633434055 -111.33033 -90.48777 -1.78578 0.01115 -0.01980 -0.49097 0.87088
1633434055 -112.47662 -91.27316 -1.82233 0.01136 -0.01903 -0.49139 0.87066
1633434056 -113.67612 -92.08827 -1.86066 0.01174 -0.01838 -0.49187 0.87039
1633434056 -114.57491 -92.70631 -1.88816 0.01165 -0.01790 -0.49248 0.87006
1633434056 -115.80319 -93.53991 -1.92944 0.01191 -0.01786 -0.49387 0.86927
1633434057 -117.03772 -94.37750 -1.96443 0.01185 -0.01740 -0.49554 0.86833
1633434057 -118.31626 -95.23288 -2.00065 0.01264 -0.01729 -0.49793 0.86695
1633434057 -119.29689 -95.87666 -2.03858 0.01339 -0.01696 -0.49992 0.86580
1633434058 -120.64346 -96.75333 -2.07816 0.01494 -0.01642 -0.50233 0.86439
1633434058 -121.66027 -97.41624 -2.11749 0.01715 -0.01617 -0.50498 0.86281
1633434058 -122.65436 -98.05547 -2.16037 0.01815 -0.01493 -0.50803 0.86102
1633434059 -124.05980 -98.93421 -2.22346 0.01653 -0.01292 -0.51309 0.85808
1633434059 -124.93406 -99.49017 -2.26076 0.01431 -0.01085 -0.51623 0.85626
1633434059 -125.75545 -99.98860 -2.28089 0.01434 -0.00971 -0.51920 0.85448
1633434060 -126.89244 -100.65889 -2.31381 0.01572 -0.00893 -0.52459 0.85116
1633434060 -127.60286 -101.06479 -2.33408 0.01733 -0.00963 -0.52817 0.84891
1633434060 -128.59165 -101.60316 -2.36413 0.01862 -0.01006 -0.53264 0.84608
1633434060 -129.86723 -102.27816 -2.41732 0.01969 -0.01021 -0.53900 0.84202
1633434061 -130.87214 -102.80041 -2.45326 0.01786 -0.00979 -0.54388 0.83892
1633434061 -132.18610 -103.45982 -2.50417 0.01773 -0.01169 -0.55047 0.83458
1633434062 -133.19203 -103.94540 -2.53610 0.01706 -0.01286 -0.55564 0.83115
1633434062 -134.54010 -104.57656 -2.58364 0.01808 -0.01456 -0.56178 0.82696
1633434062 -135.61544 -105.10191 -2.62407 0.02164 -0.01615 -0.56719 0.82315
1633434063 -136.70651 -105.61237 -2.67739 0.02376 -0.01868 -0.57337 0.81874
1633434063 -137.75729 -106.07445 -2.72735 0.02279 -0.01974 -0.57964 0.81432
1633434063 -138.74976 -106.48776 -2.77151 0.02035 -0.02043 -0.58525 0.81034
1633434063 -139.77740 -106.90002 -2.81963 0.01893 -0.01921 -0.59105 0.80619
1633434064 -140.44481 -107.16860 -2.83715 0.01828 -0.01835 -0.59470 0.80353
1633434064 -141.40771 -107.53606 -2.87057 0.01880 -0.01774 -0.60063 0.79911
1633434064 -142.40611 -107.88906 -2.89636 0.01837 -0.01821 -0.60638 0.79476
1633434064 -143.33623 -108.20542 -2.93065 0.01737 -0.01863 -0.61227 0.79024
1633434065 -144.28844 -108.50243 -2.96155 0.01651 -0.01907 -0.61806 0.78572
1633434065 -145.19610 -108.77739 -2.98003 0.01731 -0.01949 -0.62367 0.78125
1633434065 -146.05832 -109.04105 -2.99670 0.01816 -0.01957 -0.62920 0.77679
1633434066 -146.97462 -109.31380 -3.02052 0.01667 -0.01829 -0.63481 0.77227
1633434066 -147.98125 -109.58618 -3.04977 0.01378 -0.01738 -0.64039 0.76773
1633434066 -148.94746 -109.82761 -3.06616 0.01321 -0.01726 -0.64577 0.76323
1633434067 -149.93743 -110.05161 -3.08781 0.01426 -0.01825 -0.65053 0.75913
1633434067 -150.93923 -110.26620 -3.11218 0.01463 -0.01807 -0.65520 0.75510
1633434067 -151.94783 -110.47505 -3.13319 0.01604 -0.01881 -0.65941 0.75138
1633434067 -152.96839 -110.66463 -3.16327 0.01788 -0.02053 -0.66330 0.74786
1633434068 -154.32255 -110.91054 -3.20984 0.01712 -0.02152 -0.66874 0.74299
1633434068 -155.37666 -111.06755 -3.24744 0.01584 -0.02208 -0.67328 0.73889
1633434069 -156.39293 -111.19384 -3.27539 0.01517 -0.02241 -0.67733 0.73518
1633434069 -157.82100 -111.40968 -3.31433 0.01421 -0.02180 -0.67961 0.73311
1633434069 -159.44271 -111.66714 -3.36050 0.01019 -0.01886 -0.67519 0.73733
1633434070 -161.14628 -111.96016 -3.40116 0.01409 -0.01867 -0.67485 0.73758
1633434070 -162.41927 -112.14275 -3.43448 0.01363 -0.02088 -0.67603 0.73645
1633434070 -164.06814 -112.37004 -3.48382 0.01170 -0.02037 -0.67958 0.73323
1633434071 -165.74353 -112.57642 -3.53239 0.01291 -0.01889 -0.68387 0.72925
1633434071 -166.91651 -112.68878 -3.55427 0.01416 -0.01881 -0.68813 0.72520
1633434071 -168.07970 -112.77958 -3.59181 0.01410 -0.01809 -0.69288 0.72069
1633434072 -169.28212 -112.87552 -3.62831 0.01184 -0.01596 -0.69837 0.71546
1633434072 -170.39689 -112.97118 -3.64588 0.01047 -0.01405 -0.70449 0.70950
1633434072 -171.05768 -113.02217 -3.65083 0.01069 -0.01346 -0.70890 0.70510
1633434072 -171.77457 -113.04107 -3.66802 0.01061 -0.01414 -0.71323 0.70071
1633434073 -172.49169 -113.04889 -3.67186 0.01112 -0.01453 -0.71776 0.69605
1633434073 -173.24191 -113.06092 -3.68163 0.01217 -0.01492 -0.72224 0.69137
1633434073 -174.01060 -113.06185 -3.70466 0.01328 -0.01579 -0.72685 0.68649
1633434073 -175.18490 -113.04580 -3.74123 0.01547 -0.01649 -0.73358 0.67923
1633434074 -176.37788 -113.01787 -3.77505 0.01824 -0.01713 -0.74035 0.67176
1633434074 -177.56088 -112.96608 -3.81240 0.01975 -0.01727 -0.74750 0.66374
1633434074 -178.70536 -112.87773 -3.85726 0.01902 -0.01638 -0.75518 0.65504
1633434074 -179.42610 -112.80383 -3.89583 0.01831 -0.01593 -0.76032 0.64909
1633434075 -180.48041 -112.67311 -3.93568 0.01710 -0.01673 -0.76691 0.64131
1633434075 -181.56336 -112.52267 -3.97448 0.01598 -0.01691 -0.77329 0.63363
1633434075 -182.66479 -112.34910 -4.00794 0.01519 -0.01516 -0.77898 0.62668
1633434076 -183.78511 -112.15153 -4.02423 0.01385 -0.01123 -0.78403 0.62046
1633434076 -184.90999 -111.95692 -4.04470 0.01481 -0.01081 -0.78894 0.61420
1633434076 -186.03459 -111.73428 -4.05247 0.01645 -0.01302 -0.79401 0.60754
1633434076 -186.78175 -111.56830 -4.04759 0.01619 -0.01484 -0.79769 0.60267
1633434077 -187.92099 -111.30719 -4.06240 0.01508 -0.01617 -0.80270 0.59597
1633434077 -189.01758 -111.01729 -4.06974 0.01283 -0.01661 -0.80739 0.58964
1633434077 -190.20337 -110.70531 -4.09424 0.01239 -0.01810 -0.81192 0.58336
1633434078 -191.41948 -110.37242 -4.11922 0.01189 -0.01779 -0.81621 0.57736
1633434078 -192.68408 -110.01915 -4.15897 0.01179 -0.01686 -0.82035 0.57150
1633434078 -193.97975 -109.62313 -4.18952 0.01123 -0.01623 -0.82413 0.56606
1633434079 -195.26922 -109.22137 -4.22758 0.01029 -0.01676 -0.82793 0.56048
1633434079 -196.57771 -108.78013 -4.26674 0.00983 -0.01722 -0.83162 0.55499
1633434079 -197.90229 -108.27528 -4.30085 0.00889 -0.01702 -0.83522 0.54958
1633434079 -199.27039 -107.75447 -4.32200 0.00794 -0.01554 -0.83869 0.54432
1633434080 -200.65080 -107.19420 -4.34093 0.00675 -0.01518 -0.84212 0.53903
1633434080 -202.07147 -106.60789 -4.37220 0.00740 -0.01723 -0.84559 0.53351
1633434080 -203.49450 -106.01118 -4.40868 0.00704 -0.01909 -0.84884 0.52825
1633434081 -204.93084 -105.39172 -4.45138 0.00541 -0.01826 -0.85206 0.52309
1633434081 -206.39284 -104.75580 -4.49595 0.00468 -0.01775 -0.85544 0.51758
1633434081 -207.38324 -104.30456 -4.52018 0.00506 -0.01802 -0.85779 0.51365
1633434081 -208.35540 -103.85180 -4.54730 0.00507 -0.01916 -0.85996 0.50998
1633434082 -209.34079 -103.38322 -4.57494 0.00517 -0.01964 -0.86181 0.50682
1633434082 -210.83429 -102.65758 -4.62100 0.00427 -0.01963 -0.86482 0.50168
1633434082 -212.31958 -101.89356 -4.66554 -0.00506 0.01869 0.86785 -0.49646
1633434082 -213.82556 -101.11316 -4.71579 -0.00506 0.01901 0.87079 -0.49126
1633434083 -215.34818 -100.27339 -4.75372 -0.00368 0.01881 0.87378 -0.48594
1633434083 -216.88747 -99.41306 -4.78628 -0.00295 0.01923 0.87679 -0.48047
1633434083 -217.90900 -98.79896 -4.80648 -0.00224 0.02022 0.87891 -0.47655
1633434083 -218.91453 -98.19991 -4.83625 -0.00207 0.02055 0.88102 -0.47264
1633434084 -219.89963 -97.61087 -4.86673 -0.00188 0.02053 0.88313 -0.46868
1633434084 -220.86394 -97.02677 -4.89350 -0.00110 0.02061 0.88512 -0.46491
1633434084 -221.86589 -96.40851 -4.91332 -0.00144 0.02015 0.88718 -0.46099
1633434084 -222.88393 -95.77666 -4.94918 -0.00033 0.01984 0.88926 -0.45696
1633434084 -223.90844 -95.13110 -4.97591 -0.00086 0.01952 0.89132 -0.45294
1633434085 -224.95969 -94.45555 -5.00403 -0.00080 0.01956 0.89344 -0.44875
1633434085 -225.99931 -93.76824 -5.03303 -0.00041 0.01954 0.89528 -0.44507
1633434085 -227.03153 -93.07580 -5.06363 -0.00049 0.01882 0.89716 -0.44130
1633434085 -228.07259 -92.36521 -5.08984 0.00020 0.01867 0.89887 -0.43781
1633434085 -229.10065 -91.65902 -5.11381 -0.00086 0.01844 0.90056 -0.43434
1633434086 -230.64249 -90.56968 -5.15826 -0.00083 0.01949 0.90293 -0.42934
1633434086 -232.17387 -89.46051 -5.20419 -0.00142 0.01900 0.90524 -0.42448
1633434086 -233.70897 -88.33724 -5.24592 -0.00114 0.01832 0.90727 -0.42015
1633434087 -235.22929 -87.17990 -5.28688 -0.00116 0.01891 0.90942 -0.41546
1633434087 -236.74722 -86.00938 -5.33433 -0.00135 0.01903 0.91116 -0.41161
1633434087 -238.26148 -84.82857 -5.37990 -0.00144 0.01850 0.91266 -0.40829
1633434088 -239.76810 -83.62383 -5.41518 -0.00050 0.01761 0.91402 -0.40528
1633434088 -241.25940 -82.41554 -5.44799 -0.00152 0.01854 0.91514 -0.40270
1633434088 -242.72398 -81.21543 -5.49305 -0.00209 0.01884 0.91631 -0.40002
1633434088 -244.19050 -79.98099 -5.53170 -0.00123 0.01858 0.91741 -0.39752
1633434089 -245.64749 -78.75860 -5.55834 -0.00083 0.01796 0.91828 -0.39552
1633434089 -247.09178 -77.51253 -5.59679 -0.00119 0.01734 0.91924 -0.39332
1633434089 -248.54940 -76.26950 -5.63678 -0.00108 0.01680 0.92013 -0.39125
1633434090 -249.99476 -75.02741 -5.66246 -0.00130 0.01704 0.92093 -0.38936
1633434090 -251.42750 -73.78627 -5.68907 -0.00190 0.01833 0.92168 -0.38751
1633434090 -252.86820 -72.51707 -5.73427 -0.00220 0.01938 0.92236 -0.38583
1633434091 -254.31531 -71.24696 -5.78823 -0.00251 0.01822 0.92289 -0.38461
1633434091 -255.75793 -69.93201 -5.82705 -0.00211 0.01762 0.92334 -0.38357
1633434091 -257.21150 -68.63918 -5.86899 -0.00129 0.01674 0.92372 -0.38270
1633434091 -258.66021 -67.33923 -5.90610 -0.00116 0.01619 0.92420 -0.38157
1633434092 -260.10839 -66.03815 -5.94165 -0.00088 0.01737 0.92463 -0.38048
1633434092 -261.53548 -64.74850 -5.98247 0.00006 0.01771 0.92507 -0.37938
1633434092 -262.94309 -63.46435 -6.02780 -0.00066 0.01792 0.92546 -0.37842
1633434093 -264.33653 -62.21039 -6.07761 -0.00083 0.01664 0.92575 -0.37778
1633434093 -265.72623 -60.96373 -6.10703 -0.00041 0.01525 0.92605 -0.37708
1633434093 -267.09933 -59.72495 -6.13079 -0.00066 0.01448 0.92639 -0.37629
1633434094 -268.47504 -58.49024 -6.15502 -0.00016 0.01356 0.92662 -0.37574
1633434094 -269.82542 -57.25540 -6.16830 -0.00037 0.01485 0.92686 -0.37512
1633434094 -271.17343 -56.02438 -6.20404 -0.00182 0.01590 0.92716 -0.37431
1633434094 -272.50351 -54.80313 -6.24308 -0.00188 0.01617 0.92739 -0.37373
1633434095 -273.82895 -53.57743 -6.27614 -0.00200 0.01677 0.92763 -0.37311
1633434095 -275.14238 -52.38082 -6.31823 -0.00206 0.01491 0.92799 -0.37230
1633434095 -276.42677 -51.19511 -6.33494 -0.00119 0.01404 0.92838 -0.37137
1633434096 -277.67608 -50.03770 -6.35456 -0.00082 0.01288 0.92902 -0.36980
1633434096 -278.89721 -48.89869 -6.36942 -0.00085 0.01220 0.92970 -0.36812
1633434096 -280.09934 -47.76955 -6.39424 -0.00046 0.01255 0.93044 -0.36622
1633434097 -281.26056 -46.67605 -6.41833 -0.00049 0.01144 0.93131 -0.36404
1633434097 -282.34161 -45.62490 -6.41325 -0.00019 0.01159 0.93250 -0.36098
1633434097 -283.36669 -44.62725 -6.41000 -0.00107 0.01234 0.93383 -0.35750
1633434097 -284.40437 -43.62114 -6.42054 -0.00073 0.01233 0.93522 -0.35386
1633434098 -285.43464 -42.59399 -6.42964 -0.00004 0.01129 0.93683 -0.34961
1633434098 -286.44005 -41.55353 -6.45201 -0.00030 0.01117 0.93850 -0.34509
1633434098 -287.42372 -40.53239 -6.46217 0.00005 0.01057 0.94024 -0.34035
1633434099 -288.37918 -39.51734 -6.47788 -0.00066 0.00966 0.94220 -0.33491
1633434099 -289.29798 -38.51587 -6.46938 -0.00036 0.00953 0.94431 -0.32893
1633434099 -290.19150 -37.51253 -6.46127 -0.00057 0.00910 0.94658 -0.32234
1633434100 -291.36126 -36.14659 -6.47528 -0.00051 0.00906 0.94976 -0.31286
1633434100 -292.24158 -35.08977 -6.48617 -0.00111 0.00896 0.95223 -0.30525
1633434100 -293.06406 -34.05734 -6.48646 -0.00126 0.00944 0.95472 -0.29737
1633434101 -293.86430 -33.02428 -6.49212 -0.00201 0.00963 0.95730 -0.28892
1633434101 -294.62070 -31.99740 -6.50276 -0.00161 0.00951 0.95987 -0.28027
1633434101 -295.36244 -30.95569 -6.51686 -0.00233 0.00945 0.96245 -0.27128
1633434101 -295.84163 -30.25815 -6.52825 -0.00283 0.00932 0.96422 -0.26494
1633434102 -296.30857 -29.56270 -6.54416 -0.00280 0.00975 0.96596 -0.25851
1633434102 -296.76685 -28.85563 -6.55602 -0.00367 0.00977 0.96783 -0.25138
1633434102 -297.19393 -28.18032 -6.57069 -0.00364 0.00960 0.96957 -0.24459
1633434102 -297.63513 -27.46446 -6.58300 -0.00320 0.00962 0.97141 -0.23719
1633434102 -298.05951 -26.74411 -6.59170 -0.00369 0.00992 0.97323 -0.22957
1633434103 -298.46107 -26.02573 -6.59268 -0.00356 0.01061 0.97501 -0.22186
1633434103 -298.85625 -25.30266 -6.60218 -0.00304 0.01059 0.97678 -0.21398
1633434103 -299.24024 -24.56806 -6.61075 -0.00306 0.01089 0.97849 -0.20596
1633434103 -299.61355 -23.82756 -6.61776 -0.00309 0.01070 0.98020 -0.19767
1633434103 -299.97006 -23.08590 -6.62379 -0.00274 0.01062 0.98184 -0.18942
1633434104 -300.30525 -22.34400 -6.62784 -0.00193 0.01066 0.98342 -0.18100
1633434104 -300.63195 -21.60038 -6.62890 -0.00182 0.01018 0.98493 -0.17262
1633434104 -300.93677 -20.86086 -6.62776 -0.00153 0.00994 0.98642 -0.16395
1633434104 -301.22375 -20.13472 -6.63092 -0.00069 0.01011 0.98780 -0.15542
1633434104 -301.49667 -19.41069 -6.63433 -0.00070 0.01049 0.98911 -0.14678
1633434105 -301.74321 -18.70110 -6.62848 -0.00054 0.01032 0.99040 -0.13783
1633434105 -301.97522 -18.00071 -6.62613 0.00012 0.01042 0.99157 -0.12914
1633434105 -302.19170 -17.29994 -6.62586 0.00064 0.01057 0.99269 -0.12023
1633434105 -302.39917 -16.59664 -6.63067 0.00077 0.01063 0.99369 -0.11162
1633434105 -302.59171 -15.88575 -6.63209 0.00136 0.01094 0.99465 -0.10267
1633434106 -302.76776 -15.17482 -6.63114 0.00226 0.01131 0.99554 -0.09362
1633434106 -302.93705 -14.45547 -6.63691 0.00262 0.01140 0.99633 -0.08476
1633434106 -303.09668 -13.73717 -6.64170 0.00271 0.01138 0.99704 -0.07597
1633434106 -303.24362 -13.03495 -6.64886 0.00343 0.01154 0.99766 -0.06724
1633434106 -303.37607 -12.32908 -6.65270 0.00397 0.01124 0.99824 -0.05803
1633434107 -303.49243 -11.62365 -6.65466 0.00405 0.01037 0.99875 -0.04871
1633434107 -303.59057 -10.92614 -6.65370 0.00423 0.01008 0.99917 -0.03924
1633434107 -303.67441 -10.23732 -6.65260 0.00511 0.00997 0.99950 -0.02965
1633434107 -303.74471 -9.55153 -6.65076 0.00558 0.01021 0.99973 -0.02018
1633434107 -303.79846 -8.88255 -6.64785 0.00559 0.01026 0.99988 -0.01057
1633434108 -303.83919 -8.21770 -6.64318 0.00569 0.01031 0.99993 -0.00088
1633434108 -303.86771 -7.55903 -6.64123 0.00631 0.01005 0.99989 0.00887
1633434108 -303.88324 -6.90344 -6.64022 0.00671 0.00956 0.99976 0.01843
1633434108 -303.88457 -6.25325 -6.63534 0.00706 0.00929 0.99954 0.02808
1633434108 -303.87558 -5.60603 -6.63042 0.00724 0.00866 0.99922 0.03785
1633434109 -303.85420 -4.95084 -6.62762 0.00811 0.00835 0.99881 0.04732
1633434109 -303.82052 -4.29770 -6.62444 0.00852 0.00826 0.99832 0.05677
1633434109 -303.77458 -3.63681 -6.62077 0.00861 0.00828 0.99773 0.06626
1633434109 -303.71588 -2.97492 -6.61651 0.00899 0.00831 0.99706 0.07559
1633434109 -303.64449 -2.31781 -6.61518 0.00954 0.00787 0.99634 0.08459
1633434110 -303.56137 -1.65563 -6.61180 0.00955 0.00733 0.99555 0.09343
1633434110 -303.46275 -0.98474 -6.60801 0.00945 0.00711 0.99470 0.10214
1633434110 -303.35290 -0.32277 -6.60851 0.00984 0.00700 0.99380 0.11052
1633434110 -303.23410 0.34417 -6.60551 0.01034 0.00698 0.99287 0.11857
1633434110 -303.10071 1.00152 -6.60452 0.01052 0.00691 0.99187 0.12662
1633434111 -302.95469 1.66101 -6.60446 0.01060 0.00713 0.99082 0.13459
1633434111 -302.80143 2.31708 -6.60403 0.01074 0.00640 0.98974 0.14231
1633434111 -302.63568 2.98468 -6.60274 0.01057 0.00579 0.98864 0.14985
1633434111 -302.45876 3.66114 -6.59928 0.01022 0.00550 0.98751 0.15713
1633434111 -302.26772 4.34242 -6.59594 0.01015 0.00552 0.98641 0.16387
1633434112 -301.96581 5.35514 -6.59614 0.01038 0.00546 0.98457 0.17461
1633434112 -301.63487 6.38081 -6.59353 0.00989 0.00556 0.98269 0.18490
1633434112 -301.40174 7.06231 -6.59186 0.00952 0.00554 0.98134 0.19194
1633434112 -301.03630 8.07759 -6.59355 0.00941 0.00548 0.97937 0.20178
1633434113 -300.77890 8.76067 -6.59205 0.00936 0.00533 0.97793 0.20866
1633434113 -300.51413 9.44785 -6.58633 0.00841 0.00516 0.97650 0.21530
1633434113 -300.23302 10.13839 -6.58691 0.00873 0.00447 0.97498 0.22208
1633434113 -299.95096 10.80922 -6.58736 0.00847 0.00420 0.97342 0.22884
1633434113 -299.66455 11.46617 -6.58652 0.00785 0.00424 0.97184 0.23546
1633434114 -299.35330 12.13752 -6.58068 0.00754 0.00441 0.97013 0.24242
1633434114 -299.03670 12.80582 -6.58138 0.00778 0.00444 0.96850 0.24886
1633434114 -298.70816 13.47696 -6.57933 0.00719 0.00426 0.96677 0.25551
1633434114 -298.36276 14.15437 -6.57895 0.00679 0.00430 0.96496 0.26229
1633434114 -298.00838 14.83126 -6.57947 0.00671 0.00407 0.96309 0.26906
1633434115 -297.64267 15.51182 -6.57940 0.00631 0.00395 0.96120 0.27576
1633434115 -297.25727 16.19959 -6.57762 0.00586 0.00440 0.95922 0.28255
1633434115 -296.85798 16.88279 -6.57549 0.00603 0.00480 0.95716 0.28944
1633434115 -296.45248 17.56721 -6.57396 0.00611 0.00533 0.95509 0.29620
1633434115 -296.03828 18.23992 -6.57673 0.00569 0.00549 0.95300 0.30286
1633434116 -295.61600 18.90577 -6.57898 0.00549 0.00533 0.95081 0.30968
1633434116 -295.17399 19.58251 -6.57884 0.00555 0.00540 0.94852 0.31663
1633434116 -294.71515 20.26229 -6.58009 0.00559 0.00593 0.94613 0.32368
1633434116 -294.23832 20.94275 -6.58188 0.00528 0.00648 0.94365 0.33085
1633434116 -293.75051 21.61501 -6.58329 0.00562 0.00679 0.94120 0.33775
1633434117 -293.25302 22.28080 -6.58775 0.00557 0.00692 0.93868 0.34467
1633434117 -292.75671 22.92014 -6.59144 0.00481 0.00669 0.93611 0.35162
1633434117 -292.26663 23.54050 -6.59241 0.00479 0.00653 0.93360 0.35823
1633434117 -291.77381 24.14867 -6.58982 0.00436 0.00664 0.93108 0.36473
1633434117 -291.28666 24.72627 -6.58520 0.00362 0.00674 0.92850 0.37126
1633434118 -290.79957 25.28607 -6.58314 0.00381 0.00701 0.92591 0.37767
1633434118 -290.31125 25.83355 -6.58247 0.00345 0.00755 0.92334 0.38390
1633434118 -289.81358 26.37355 -6.57931 0.00298 0.00818 0.92071 0.39015
1633434118 -289.29780 26.91938 -6.57713 0.00337 0.00798 0.91827 0.39587
1633434118 -288.76730 27.46556 -6.57392 0.00311 0.00793 0.91593 0.40125
1633434119 -288.22576 28.01566 -6.57007 0.00220 0.00764 0.91356 0.40663
1633434119 -287.66959 28.56466 -6.56795 0.00173 0.00714 0.91123 0.41184
1633434119 -287.11325 29.10749 -6.56540 0.00156 0.00681 0.90914 0.41643
1633434119 -286.56282 29.63365 -6.55759 0.00075 0.00746 0.90684 0.42140
1633434119 -286.00359 30.15219 -6.55260 0.00023 0.00712 0.90461 0.42619
1633434120 -285.43940 30.66429 -6.54625 0.00014 0.00676 0.90254 0.43055
1633434120 -284.87583 31.17088 -6.54149 -0.00068 0.00689 0.90042 0.43497
1633434120 -284.29779 31.68077 -6.53589 -0.00122 0.00662 0.89835 0.43924
1633434120 -283.69754 32.19968 -6.53008 -0.00122 0.00621 0.89637 0.44326
1633434120 -283.08467 32.72198 -6.52424 -0.00206 0.00649 0.89431 0.44740
1633434121 -282.45740 33.24535 -6.51713 -0.00253 0.00654 0.89222 0.45156
1633434121 -281.81525 33.77042 -6.51111 -0.00282 0.00676 0.89027 0.45538
1633434121 -281.15955 34.29595 -6.50623 -0.00379 0.00752 0.88835 0.45909
1633434121 -280.14905 35.09098 -6.50246 -0.00410 0.00898 0.88546 0.46461
1633434122 -279.49275 35.59490 -6.50013 -0.00434 0.01022 0.88365 0.46801
1633434122 -278.85290 36.08037 -6.49963 -0.00453 0.01068 0.88184 0.47141
1633434122 -277.89382 36.79651 -6.50011 -0.00427 0.00984 0.87937 0.47602
1633434122 -276.88230 37.52951 -6.50208 -0.00489 0.00872 0.87691 0.48056
1633434123 -276.18725 38.01961 -6.49695 -0.00442 0.00762 0.87526 0.48358
1633434123 -275.46761 38.52329 -6.49101 -0.00473 0.00727 0.87388 0.48607
1633434123 -274.34119 39.29465 -6.48536 -0.00495 0.00689 0.87186 0.48969
1633434123 -273.56444 39.81767 -6.47886 -0.00498 0.00643 0.87077 0.49163
1633434123 -272.76671 40.34435 -6.47446 -0.00525 0.00660 0.86950 0.49386
1633434124 -271.97026 40.87263 -6.46378 -0.00442 0.00651 0.86829 0.49599
1633434124 -271.19057 41.38542 -6.45215 -0.00455 0.00699 0.86721 0.49787
1633434124 -270.41146 41.89427 -6.44253 -0.00462 0.00690 0.86616 0.49970
1633434124 -269.62393 42.40656 -6.43397 -0.00409 0.00655 0.86528 0.50122
1633434124 -268.84040 42.91496 -6.43083 -0.00484 0.00653 0.86443 0.50268
1633434125 -268.05998 43.42008 -6.43098 -0.00428 0.00616 0.86363 0.50408
1633434125 -266.86882 44.19314 -6.43329 -0.00502 0.00668 0.86254 0.50592
1633434125 -265.71313 44.94181 -6.43718 -0.00463 0.00575 0.86163 0.50748
1633434126 -264.53679 45.69034 -6.44259 -0.00439 0.00569 0.86074 0.50899
1633434126 -263.36814 46.42576 -6.44814 -0.00369 0.00718 0.86004 0.51016
1633434126 -262.18876 47.16547 -6.46147 -0.00277 0.00741 0.85958 0.51094
1633434126 -261.01810 47.89316 -6.46849 -0.00334 0.00746 0.85943 0.51119
1633434127 -259.76542 48.66850 -6.46820 -0.00265 0.00777 0.85962 0.51087
1633434127 -258.45807 49.47343 -6.46743 -0.00134 0.00752 0.85983 0.51052
1633434127 -257.08479 50.32433 -6.47561 -0.00128 0.00773 0.86017 0.50994
1633434128 -255.71692 51.17436 -6.48058 -0.00113 0.00712 0.86069 0.50908
1633434128 -254.27914 52.05975 -6.48491 -0.00031 0.00690 0.86122 0.50819
1633434128 -253.32244 52.65446 -6.48360 -0.00064 0.00689 0.86161 0.50753
1633434128 -252.38190 53.24960 -6.48682 -0.00019 0.00642 0.86193 0.50699
1633434129 -251.40429 53.86048 -6.48443 -0.00011 0.00663 0.86231 0.50634
1633434129 -250.42727 54.47813 -6.48580 -0.00025 0.00674 0.86248 0.50604
1633434129 -249.48911 55.07389 -6.48840 0.00004 0.00662 0.86274 0.50560
1633434129 -248.57883 55.65528 -6.49203 -0.00060 0.00680 0.86273 0.50561
1633434129 -247.65129 56.24234 -6.49217 -0.00005 0.00658 0.86271 0.50565
1633434130 -246.72730 56.82526 -6.49329 -0.00121 0.00645 0.86241 0.50618
1633434130 -245.81150 57.40845 -6.49403 -0.00119 0.00604 0.86199 0.50689
1633434130 -244.89290 57.98807 -6.49422 -0.00193 0.00598 0.86150 0.50772
1633434130 -243.97167 58.56943 -6.49483 -0.00184 0.00543 0.86084 0.50885
1633434130 -243.04947 59.14508 -6.49543 -0.00201 0.00548 0.86020 0.50992
1633434131 -242.12246 59.72262 -6.49488 -0.00224 0.00587 0.85939 0.51128
1633434131 -241.19394 60.29462 -6.49253 -0.00221 0.00629 0.85873 0.51239
1633434131 -240.25882 60.86692 -6.49418 -0.00267 0.00702 0.85792 0.51373
1633434131 -239.31558 61.44412 -6.49498 -0.00215 0.00748 0.85718 0.51496
1633434131 -238.35944 62.01895 -6.49676 -0.00317 0.00768 0.85631 0.51640
1633434132 -237.40718 62.58864 -6.49711 -0.00244 0.00768 0.85547 0.51779
1633434132 -236.46338 63.14685 -6.49802 -0.00293 0.00812 0.85462 0.51918
1633434132 -235.49901 63.71446 -6.49848 -0.00231 0.00792 0.85379 0.52055
1633434132 -234.05996 64.54900 -6.50500 -0.00302 0.00777 0.85270 0.52234
1633434132 -233.10000 65.10053 -6.50507 -0.00263 0.00741 0.85194 0.52359
1633434133 -231.65750 65.92372 -6.50839 -0.00312 0.00774 0.85103 0.52506
1633434133 -230.23441 66.73025 -6.51079 -0.00319 0.00758 0.85035 0.52615
1633434133 -228.79283 67.54543 -6.51237 -0.00269 0.00771 0.84983 0.52699
1633434134 -227.37996 68.33528 -6.51412 -0.00343 0.00789 0.84951 0.52750
1633434134 -225.96465 69.13721 -6.51559 -0.00332 0.00785 0.84934 0.52777
1633434134 -225.02273 69.67131 -6.51059 -0.00330 0.00776 0.84921 0.52799
1633434134 -224.09558 70.19971 -6.50890 -0.00339 0.00765 0.84924 0.52793
1633434135 -223.15967 70.73262 -6.50537 -0.00410 0.00683 0.84912 0.52813
1633434135 -221.75812 71.51936 -6.50143 -0.00414 0.00668 0.84912 0.52815
1633434135 -220.83166 72.04739 -6.49630 -0.00399 0.00682 0.84898 0.52836
1633434135 -219.88425 72.58992 -6.49412 -0.00413 0.00670 0.84899 0.52834
1633434135 -218.95122 73.12036 -6.49388 -0.00419 0.00685 0.84892 0.52846
1633434136 -218.00659 73.65344 -6.49146 -0.00346 0.00710 0.84892 0.52847
1633434136 -217.07063 74.18532 -6.49152 -0.00375 0.00760 0.84890 0.52848
1633434136 -216.14701 74.71128 -6.49131 -0.00283 0.00758 0.84900 0.52833
1633434136 -215.21907 75.23694 -6.49231 -0.00323 0.00765 0.84908 0.52820
1633434136 -214.28204 75.76435 -6.48855 -0.00260 0.00707 0.84917 0.52807
1633434137 -212.88815 76.55769 -6.49362 -0.00301 0.00709 0.84934 0.52780
1633434137 -211.51385 77.34199 -6.49657 -0.00205 0.00686 0.84957 0.52743
1633434137 -210.11315 78.13832 -6.49569 -0.00120 0.00637 0.84972 0.52719
1633434138 -209.18992 78.66447 -6.49278 -0.00141 0.00679 0.84977 0.52711
1633434138 -208.27142 79.19274 -6.49117 -0.00084 0.00702 0.84979 0.52708
1633434138 -207.34901 79.71725 -6.49151 -0.00126 0.00701 0.84997 0.52679
1633434138 -205.97176 80.50549 -6.49467 -0.00152 0.00646 0.85016 0.52648
1633434138 -205.04874 81.03547 -6.49408 -0.00252 0.00660 0.85025 0.52632
1633434139 -203.66008 81.83583 -6.49456 -0.00233 0.00617 0.85035 0.52618
1633434139 -202.28136 82.62582 -6.49584 -0.00287 0.00593 0.85037 0.52614
1633434139 -200.88853 83.42276 -6.49410 -0.00328 0.00621 0.85027 0.52630
1633434140 -199.52146 84.20427 -6.49108 -0.00287 0.00629 0.85002 0.52670
1633434140 -198.13454 84.99077 -6.49220 -0.00274 0.00638 0.84975 0.52715
1633434140 -196.76700 85.77128 -6.49215 -0.00253 0.00663 0.84944 0.52764
1633434141 -195.37943 86.55572 -6.49240 -0.00243 0.00637 0.84910 0.52818
1633434141 -193.54422 87.59241 -6.49775 -0.00182 0.00668 0.84838 0.52934
1633434141 -192.16833 88.36239 -6.50179 -0.00186 0.00677 0.84775 0.53035
1633434142 -190.79481 89.13058 -6.50384 -0.00168 0.00700 0.84699 0.53156
1633434142 -189.43386 89.88755 -6.50818 -0.00191 0.00718 0.84618 0.53285
1633434142 -188.04631 90.65051 -6.51474 -0.00303 0.00734 0.84540 0.53407
1633434142 -186.67948 91.39816 -6.51750 -0.00338 0.00724 0.84481 0.53500
1633434143 -185.29775 92.14888 -6.51765 -0.00394 0.00662 0.84428 0.53585
1633434143 -183.47065 93.13392 -6.51954 -0.00444 0.00700 0.84382 0.53656
1633434143 -182.12898 93.85732 -6.52188 -0.00392 0.00732 0.84385 0.53651
1633434144 -180.76104 94.59056 -6.52453 -0.00332 0.00605 0.84407 0.53618
1633434144 -179.40582 95.32053 -6.51757 -0.00282 0.00579 0.84428 0.53586
1633434144 -177.61103 96.28402 -6.51749 -0.00153 0.00583 0.84464 0.53530
1633434145 -176.25618 97.01316 -6.51714 -0.00059 0.00540 0.84482 0.53502
1633434145 -174.92942 97.72829 -6.51445 0.00015 0.00384 0.84503 0.53470
1633434145 -173.60121 98.46042 -6.50529 -0.00058 0.00365 0.84518 0.53446
1633434146 -172.30313 99.17761 -6.49338 -0.00129 0.00359 0.84542 0.53409
1633434146 -170.98537 99.90095 -6.48599 -0.00023 0.00450 0.84537 0.53416
1633434146 -169.22935 100.86072 -6.48987 0.00160 0.00616 0.84520 0.53441
1633434147 -167.48442 101.80128 -6.49997 0.00109 0.00633 0.84557 0.53383
1633434147 -166.21343 102.49599 -6.50993 -0.00130 0.00633 0.84593 0.53326
1633434147 -164.93597 103.20665 -6.50996 -0.00165 0.00508 0.84645 0.53244
1633434148 -163.23841 104.14882 -6.50817 -0.00079 0.00346 0.84681 0.53189
1633434148 -161.97108 104.85009 -6.50471 0.00018 0.00445 0.84692 0.53170
1633434148 -160.68188 105.56587 -6.50031 -0.00073 0.00358 0.84685 0.53182
1633434149 -159.37262 106.28860 -6.49472 -0.00073 0.00388 0.84678 0.53193
1633434149 -158.09042 107.00593 -6.49544 -0.00047 0.00436 0.84666 0.53212
1633434149 -156.81835 107.71984 -6.49779 -0.00103 0.00431 0.84654 0.53231
1633434150 -155.53250 108.43026 -6.49348 -0.00094 0.00416 0.84636 0.53259
1633434150 -154.23796 109.14412 -6.49088 -0.00135 0.00396 0.84617 0.53290
1633434150 -152.92586 109.87197 -6.49222 -0.00097 0.00475 0.84592 0.53328
1633434150 -151.62779 110.58015 -6.49078 -0.00073 0.00458 0.84565 0.53371
1633434151 -150.30954 111.30101 -6.49716 -0.00057 0.00489 0.84530 0.53427
1633434151 -148.95376 112.03796 -6.49130 -0.00071 0.00486 0.84500 0.53475
1633434151 -147.64050 112.75186 -6.49652 -0.00049 0.00457 0.84470 0.53522
1633434152 -146.32838 113.46068 -6.49519 -0.00063 0.00462 0.84430 0.53586
1633434152 -144.99220 114.18049 -6.49091 -0.00108 0.00450 0.84404 0.53627
1633434152 -143.69257 114.88622 -6.48867 -0.00114 0.00397 0.84386 0.53656
1633434153 -142.36138 115.60316 -6.48014 -0.00146 0.00360 0.84363 0.53690
1633434153 -141.05008 116.31169 -6.48394 -0.00128 0.00419 0.84362 0.53692
1633434153 -139.69630 117.04239 -6.48365 -0.00299 0.00051 0.84360 0.53696
1633434153 -138.39941 117.73932 -6.46726 -0.00283 0.00159 0.84345 0.53719
1633434154 -137.10064 118.43900 -6.45192 -0.00231 0.00247 0.84349 0.53713
1633434154 -135.80401 119.14228 -6.44324 -0.00170 0.00268 0.84357 0.53701
1633434154 -134.48208 119.85696 -6.43629 -0.00178 0.00258 0.84346 0.53718
1633434155 -132.70716 120.81160 -6.42759 -0.00254 0.00196 0.84352 0.53709
1633434155 -131.40772 121.52030 -6.41561 -0.00239 0.00252 0.84362 0.53693
1633434155 -130.09103 122.23097 -6.40905 -0.00201 0.00273 0.84349 0.53713
1633434156 -128.78173 122.94045 -6.40145 -0.00290 0.00247 0.84341 0.53725
1633434156 -127.41316 123.67213 -6.38540 -0.00231 0.00346 0.84328 0.53746
1633434156 -126.13005 124.37088 -6.38892 -0.00228 0.00431 0.84291 0.53804
1633434157 -124.84201 125.06112 -6.39260 -0.00268 0.00439 0.84262 0.53848
1633434157 -123.54126 125.76367 -6.37839 -0.00425 0.00192 0.84226 0.53905
1633434157 -122.21331 126.44565 -6.36327 -0.00378 0.00087 0.84199 0.53947
1633434157 -120.93325 127.12346 -6.34272 -0.00336 0.00185 0.84176 0.53984
1633434158 -120.08487 127.57128 -6.33408 -0.00274 0.00237 0.84156 0.54015
1633434158 -118.79020 128.26129 -6.32432 -0.00282 0.00296 0.84118 0.54074
1633434158 -117.49371 128.94546 -6.31487 -0.00171 0.00280 0.84079 0.54135
1633434159 -116.20999 129.62299 -6.31473 -0.00005 0.00262 0.84008 0.54246
1633434159 -114.92121 130.30330 -6.30644 0.00026 0.00266 0.83933 0.54362
1633434159 -113.61052 130.98625 -6.30251 0.00025 0.00323 0.83867 0.54463
1633434159 -112.28092 131.66697 -6.29723 -0.00024 0.00329 0.83812 0.54548
1633434160 -110.99004 132.32006 -6.30141 -0.00077 0.00347 0.83760 0.54627
1633434160 -109.72484 132.96706 -6.30375 -0.00104 0.00346 0.83719 0.54690
1633434160 -108.44044 133.61698 -6.30030 -0.00123 0.00315 0.83687 0.54739
1633434161 -107.16720 134.26250 -6.29577 -0.00143 0.00295 0.83656 0.54787
1633434161 -105.85157 134.92982 -6.28947 -0.00133 0.00320 0.83621 0.54841
1633434161 -104.10518 135.80963 -6.28479 -0.00124 0.00402 0.83607 0.54861
1633434162 -102.80577 136.46433 -6.28237 -0.00122 0.00456 0.83603 0.54867
1633434162 -101.49672 137.12055 -6.28337 -0.00167 0.00443 0.83607 0.54860
1633434162 -100.18269 137.78154 -6.28063 -0.00186 0.00430 0.83629 0.54827
1633434163 -98.87279 138.44770 -6.27852 -0.00255 0.00357 0.83644 0.54805
1633434163 -97.12331 139.33392 -6.26973 -0.00252 0.00284 0.83663 0.54775
1633434163 -95.38836 140.21510 -6.26008 -0.00212 0.00290 0.83693 0.54730
1633434164 -93.64350 141.10752 -6.25682 -0.00226 0.00352 0.83713 0.54699
1633434164 -91.90207 142.00349 -6.25106 -0.00240 0.00333 0.83722 0.54685
1633434165 -90.18653 142.87986 -6.24624 -0.00301 0.00251 0.83716 0.54694
1633434165 -88.45512 143.75532 -6.23544 -0.00293 0.00300 0.83736 0.54663
1633434165 -87.15497 144.42265 -6.22158 -0.00328 0.00271 0.83729 0.54675
1633434166 -85.83387 145.09095 -6.21328 -0.00347 0.00228 0.83717 0.54693
1633434166 -84.49538 145.76782 -6.19684 -0.00304 0.00239 0.83700 0.54718
1633434166 -82.78711 146.63653 -6.18916 -0.00276 0.00249 0.83663 0.54776
1633434167 -81.47219 147.29974 -6.17754 -0.00179 0.00286 0.83632 0.54823
1633434167 -79.71208 148.17851 -6.17199 -0.00102 0.00307 0.83592 0.54884
1633434167 -78.38060 148.83072 -6.16939 -0.00101 0.00279 0.83562 0.54930
1633434168 -77.05020 149.49384 -6.15837 -0.00127 0.00266 0.83539 0.54965
1633434168 -75.31022 150.36392 -6.15149 -0.00104 0.00199 0.83500 0.55024
1633434168 -73.97630 151.02924 -6.14003 -0.00104 0.00162 0.83457 0.55090
1633434169 -72.63289 151.69490 -6.13171 -0.00080 0.00154 0.83410 0.55161
1633434169 -71.27092 152.36278 -6.12248 -0.00102 0.00199 0.83360 0.55236
1633434169 -69.40458 153.26660 -6.11492 -0.00148 0.00226 0.83307 0.55315
1633434170 -68.03218 153.92880 -6.11448 -0.00165 0.00237 0.83262 0.55383
1633434170 -66.68429 154.57880 -6.10832 -0.00163 0.00202 0.83224 0.55441
1633434170 -65.34098 155.22670 -6.10067 -0.00137 0.00203 0.83189 0.55493
1633434170 -63.99740 155.87031 -6.09750 -0.00138 0.00188 0.83152 0.55549
1633434171 -62.62442 156.52392 -6.09418 -0.00128 0.00096 0.83121 0.55595
1633434171 -61.27696 157.16638 -6.07944 -0.00003 0.00116 0.83084 0.55651
1633434171 -59.93533 157.80085 -6.07809 0.00200 0.00221 0.83066 0.55678
1633434172 -58.61365 158.42928 -6.08061 0.00196 0.00110 0.83088 0.55645
1633434172 -57.28434 159.07356 -6.07854 0.00199 0.00149 0.83113 0.55607
1633434172 -55.92781 159.72951 -6.07518 0.00242 0.00125 0.83118 0.55599
1633434173 -54.55888 160.39561 -6.07665 0.00358 0.00058 0.83135 0.55574
1633434173 -53.19093 161.06384 -6.06878 0.00342 0.00091 0.83159 0.55538
1633434173 -51.81476 161.74491 -6.06038 0.00242 0.00244 0.83166 0.55527
1633434173 -50.42656 162.42919 -6.05812 0.00226 0.00342 0.83190 0.55492
1633434174 -49.00363 163.11757 -6.06069 0.00167 0.00320 0.83216 0.55452
1633434174 -47.59708 163.80684 -6.05589 0.00031 0.00276 0.83265 0.55379
1633434174 -46.19309 164.50508 -6.04369 -0.00125 0.00242 0.83329 0.55283
1633434175 -44.71975 165.21587 -6.03642 -0.00196 0.00261 0.83380 0.55205
1633434175 -43.24955 165.93038 -6.02155 -0.00208 0.00256 0.83435 0.55122
1633434175 -41.80777 166.64112 -6.00896 -0.00104 0.00315 0.83482 0.55051
1633434176 -40.40077 167.33993 -6.00440 -0.00049 0.00387 0.83490 0.55039
1633434176 -38.55727 168.25580 -6.00481 0.00003 0.00345 0.83490 0.55039
1633434176 -37.20017 168.93347 -6.00364 -0.00013 0.00306 0.83459 0.55086
1633434177 -35.86849 169.60123 -5.99399 -0.00056 0.00244 0.83404 0.55169
1633434177 -34.54531 170.25813 -5.98598 -0.00027 0.00399 0.83329 0.55282
1633434177 -33.23254 170.90630 -5.98550 -0.00101 0.00329 0.83273 0.55367
1633434178 -31.06078 171.96893 -5.98581 -0.00218 0.00404 0.83152 0.55547
1633434178 -28.93345 172.99967 -5.97569 -0.00241 0.00422 0.83033 0.55724
1633434179 -26.43443 174.19343 -5.97313 -0.00242 0.00482 0.82860 0.55982
1633434179 -24.39697 175.15954 -5.97488 -0.00274 0.00497 0.82706 0.56208
1633434180 -21.94596 176.30033 -5.98665 -0.00271 0.00535 0.82492 0.56521
1633434180 -19.86887 177.24120 -6.00323 -0.00240 0.00636 0.82193 0.56955
1633434181 -18.61470 177.79956 -6.02176 -0.00231 0.00667 0.81975 0.57268
1633434181 -17.37092 178.35465 -6.00158 -0.00216 0.00565 0.81767 0.57565
1633434181 -15.08139 179.33663 -5.98922 -0.00207 0.00596 0.81333 0.58177
1633434182 -13.62360 179.96190 -5.98318 -0.00223 0.00641 0.81045 0.58577
1633434182 -11.72934 180.72379 -5.98668 -0.00185 0.00627 0.80673 0.59088
1633434183 -10.28694 181.27506 -5.97627 -0.00173 0.00706 0.80294 0.59602
1633434183 -8.87488 181.80547 -5.97819 -0.00109 0.00706 0.79878 0.60158
1633434183 -7.75941 182.20805 -5.97462 -0.00111 0.00707 0.79502 0.60654
1633434184 -6.58036 182.60085 -5.98610 -0.00062 0.00730 0.79088 0.61193
1633434184 -5.52067 182.95028 -5.97044 -0.00105 0.00787 0.78643 0.61763
1633434184 -4.46601 183.27327 -5.97346 -0.00069 0.00776 0.78188 0.62338
1633434184 -3.51881 183.54097 -5.97369 -0.00052 0.00793 0.77686 0.62962
1633434185 -2.53391 183.80552 -5.96462 -0.00014 0.00837 0.77159 0.63607
1633434185 -1.60090 184.03924 -5.96286 0.00019 0.00782 0.76619 0.64257
1633434185 -0.79265 184.21964 -5.95495 0.00003 0.00782 0.76051 0.64928
1633434186 -0.08096 184.36185 -5.94109 -0.00023 0.00751 0.75466 0.65608
1633434186 0.67215 184.49552 -5.92578 0.00007 0.00769 0.74888 0.66266
1633434186 1.46402 184.61391 -5.91711 0.00048 0.00729 0.74266 0.66963
1633434187 2.23976 184.72343 -5.90794 0.00058 0.00656 0.73618 0.67675
1633434187 2.96275 184.81282 -5.88979 0.00093 0.00620 0.72918 0.68429
1633434187 3.66895 184.87173 -5.87820 0.00120 0.00546 0.72288 0.69096
1633434187 4.35308 184.92219 -5.86669 0.00147 0.00502 0.71654 0.69753
1633434188 5.07122 184.96607 -5.85902 0.00241 0.00490 0.71026 0.70392
1633434188 5.70585 185.00650 -5.86213 0.00230 0.00452 0.70325 0.71092
1633434188 6.41595 185.02854 -5.85794 0.00221 0.00431 0.69514 0.71886
1633434189 6.86705 185.03557 -5.84990 0.00281 0.00404 0.68954 0.72423
1633434189 7.23750 185.04040 -5.84108 0.00319 0.00439 0.68358 0.72986
1633434189 8.22020 185.00312 -5.84549 0.00352 0.00354 0.67116 0.74130
1633434189 8.52713 184.99226 -5.83939 0.00348 0.00407 0.66430 0.74745
1633434190 9.43880 184.91732 -5.84215 0.00377 0.00402 0.64966 0.76021
1633434190 10.33908 184.79554 -5.84211 0.00373 0.00354 0.63352 0.77371
1633434190 10.74263 184.72634 -5.84263 0.00332 0.00339 0.62501 0.78060
1633434191 11.54837 184.57066 -5.84114 0.00332 0.00369 0.60808 0.79386
1633434191 12.41216 184.36137 -5.84800 0.00309 0.00329 0.59031 0.80717
1633434191 12.82599 184.24541 -5.84543 0.00323 0.00354 0.58030 0.81439
1633434192 13.68879 183.97418 -5.84727 0.00346 0.00413 0.55981 0.82860
1633434192 14.10192 183.82246 -5.84686 0.00312 0.00417 0.54892 0.83586
1633434192 14.90570 183.50382 -5.84730 0.00280 0.00539 0.52707 0.84980
1633434193 15.31016 183.31629 -5.84737 0.00275 0.00588 0.51558 0.85681
1633434193 16.07306 182.92833 -5.84567 0.00238 0.00623 0.49204 0.87055
1633434193 16.42423 182.72412 -5.84329 0.00217 0.00657 0.47985 0.87732
1633434194 17.10569 182.30775 -5.84691 0.00168 0.00742 0.45568 0.89011
1633434194 17.43769 182.07642 -5.84174 0.00188 0.00756 0.44339 0.89630
1633434194 17.74594 181.85466 -5.84027 0.00186 0.00784 0.43099 0.90232
1633434194 18.38559 181.36027 -5.84361 0.00159 0.00790 0.40591 0.91388
1633434195 18.68923 181.09620 -5.83846 0.00148 0.00790 0.39290 0.91954
1633434195 18.98167 180.83042 -5.83326 0.00107 0.00820 0.37984 0.92502
1633434195 19.42115 180.42017 -5.83227 0.00076 0.00855 0.35955 0.93309
1633434195 19.72416 180.10782 -5.82799 0.00067 0.00865 0.34560 0.93834
1633434196 20.16062 179.62596 -5.82404 0.00048 0.00811 0.32449 0.94585
1633434196 20.57625 179.12281 -5.81705 0.00051 0.00804 0.30286 0.95300
1633434196 20.83770 178.77454 -5.80835 0.00019 0.00796 0.28796 0.95761
1633434196 21.22690 178.21951 -5.79968 -0.00023 0.00819 0.26522 0.96415
1633434197 21.47471 177.82614 -5.79111 -0.00023 0.00746 0.24986 0.96825
1633434197 21.72001 177.39638 -5.78551 -0.00056 0.00681 0.23392 0.97223
1633434197 21.95430 176.95463 -5.77915 -0.00051 0.00604 0.21780 0.97598
1633434197 22.17857 176.49609 -5.77185 -0.00018 0.00568 0.20138 0.97950
1633434197 22.39445 176.01162 -5.76430 0.00039 0.00530 0.18443 0.98283
1633434198 22.59476 175.51206 -5.75522 0.00089 0.00455 0.16765 0.98584
1633434198 22.68481 175.25188 -5.74651 0.00119 0.00405 0.15904 0.98726
1633434198 22.86414 174.72814 -5.73961 0.00201 0.00323 0.14209 0.98985
1633434198 23.02702 174.19613 -5.73330 0.00226 0.00255 0.12558 0.99208
1633434198 23.09690 173.92314 -5.72557 0.00211 0.00221 0.11737 0.99308
1633434198 23.23562 173.37016 -5.71873 0.00234 0.00134 0.10125 0.99486
1633434198 23.29363 173.08684 -5.71047 0.00256 0.00105 0.09312 0.99565
1633434199 23.40909 172.51599 -5.70326 0.00257 0.00031 0.07738 0.99700
1633434199 23.45375 172.22653 -5.69517 0.00243 -0.00031 0.06951 0.99758
1633434199 23.54335 171.64125 -5.68601 0.00239 -0.00100 0.05380 0.99855
1633434199 23.61638 171.04495 -5.67830 0.00239 -0.00167 0.03810 0.99927
1633434199 23.66839 170.44002 -5.67028 0.00217 -0.00308 0.02301 0.99973
1633434200 23.70193 169.82996 -5.66083 0.00207 -0.00384 0.00783 0.99996
1633434200 23.71845 169.21593 -5.65076 0.00213 -0.00434 -0.00688 0.99996
1633434200 23.71637 168.60470 -5.64211 0.00226 -0.00482 -0.02111 0.99976
1633434200 23.69898 167.99444 -5.63494 0.00258 -0.00548 -0.03460 0.99938
1633434200 23.67083 167.38339 -5.62676 0.00232 -0.00561 -0.04802 0.99883
1633434201 23.63055 166.78589 -5.61733 0.00207 -0.00475 -0.06137 0.99810
1633434201 23.56689 166.16384 -5.60916 0.00215 -0.00456 -0.07421 0.99723
1633434201 23.48312 165.54238 -5.60176 0.00166 -0.00445 -0.08663 0.99623
1633434201 23.38963 164.92517 -5.59000 0.00161 -0.00433 -0.09840 0.99514
1633434201 23.28421 164.31176 -5.58194 0.00155 -0.00339 -0.11039 0.99388
1633434202 23.16194 163.70751 -5.57253 0.00077 -0.00307 -0.12187 0.99254
1633434202 23.02946 163.11342 -5.56050 -0.00050 -0.00240 -0.13318 0.99109
1633434202 22.89006 162.52081 -5.54629 -0.00140 -0.00115 -0.14414 0.98955
1633434202 22.73214 161.92171 -5.53437 -0.00169 -0.00032 -0.15519 0.98788
1633434202 22.55846 161.32634 -5.51853 -0.00163 -0.00006 -0.16524 0.98625
1633434203 22.37492 160.71975 -5.50506 -0.00165 -0.00006 -0.17483 0.98460
1633434203 22.17490 160.10377 -5.49077 -0.00169 0.00095 -0.18439 0.98285
1633434203 21.95030 159.47204 -5.47821 -0.00200 0.00095 -0.19269 0.98126
1633434203 21.60186 158.52217 -5.46012 -0.00249 0.00099 -0.20373 0.97902
1633434204 21.25833 157.62166 -5.44222 -0.00262 0.00157 -0.21420 0.97679
1633434204 20.88424 156.70083 -5.42320 -0.00291 0.00131 -0.22362 0.97467
1633434204 20.48166 155.75573 -5.40680 -0.00212 0.00081 -0.23168 0.97279
1633434204 20.05429 154.79154 -5.39154 -0.00176 0.00037 -0.23878 0.97107
1633434205 19.60027 153.80531 -5.37898 -0.00122 0.00050 -0.24505 0.96951
1633434205 18.93285 152.41863 -5.36269 -0.00120 0.00017 -0.25219 0.96768
1633434206 18.19014 150.96023 -5.34764 -0.00051 -0.00054 -0.25771 0.96622
1633434206 17.38060 149.42064 -5.33726 0.00041 -0.00167 -0.26160 0.96518
1633434206 16.54252 147.86999 -5.32560 0.00033 -0.00227 -0.26406 0.96450
1633434207 15.55489 146.00947 -5.31484 0.00007 -0.00234 -0.26520 0.96419
1633434207 14.72898 144.48821 -5.30162 -0.00030 -0.00248 -0.26449 0.96439
1633434208 13.88076 142.90270 -5.29000 -0.00087 -0.00245 -0.26269 0.96488
1633434208 13.24521 141.71755 -5.27147 -0.00136 -0.00187 -0.26081 0.96539
1633434208 12.60444 140.51243 -5.26055 -0.00156 -0.00229 -0.25748 0.96628
1633434209 11.99454 139.31975 -5.24204 -0.00154 -0.00171 -0.25280 0.96752
1633434209 11.38817 138.10500 -5.23000 -0.00185 -0.00166 -0.24768 0.96884
1633434209 10.80113 136.90670 -5.21311 -0.00070 -0.00110 -0.24216 0.97024
1633434209 10.26242 135.75334 -5.19654 -0.00057 -0.00094 -0.23623 0.97170
1633434210 9.77108 134.66059 -5.18354 0.00072 -0.00015 -0.23042 0.97309
1633434210 9.29480 133.56394 -5.17359 0.00073 0.00048 -0.22432 0.97451
1633434210 8.85160 132.49078 -5.16029 0.00043 0.00078 -0.21785 0.97598
1633434211 8.41528 131.39807 -5.15224 0.00173 0.00118 -0.20998 0.97770
1633434211 8.13504 130.67448 -5.14126 0.00170 0.00162 -0.20369 0.97903
1633434211 7.85177 129.91877 -5.13034 0.00250 0.00185 -0.19658 0.98048
1633434211 7.59164 129.17822 -5.12110 0.00268 0.00225 -0.18879 0.98201
1633434211 7.35344 128.45225 -5.11155 0.00262 0.00250 -0.18068 0.98353
1633434212 7.13729 127.74584 -5.10298 0.00228 0.00261 -0.17220 0.98506
1633434212 6.93165 127.03332 -5.09340 0.00278 0.00271 -0.16332 0.98657
1633434212 6.76281 126.39126 -5.08418 0.00236 0.00305 -0.15480 0.98794
1633434212 6.61371 125.78574 -5.07647 0.00264 0.00308 -0.14653 0.98920
1633434212 6.46897 125.17743 -5.06871 0.00263 0.00333 -0.13804 0.99042
1633434213 6.34003 124.57917 -5.06010 0.00260 0.00305 -0.12915 0.99162
1633434213 6.23548 124.02274 -5.05273 0.00240 0.00339 -0.12050 0.99270
1633434213 6.13981 123.48371 -5.04241 0.00225 0.00364 -0.11238 0.99366
1633434213 6.04612 122.92395 -5.03331 0.00161 0.00386 -0.10324 0.99465
1633434213 5.97409 122.38855 -5.02156 0.00085 0.00384 -0.09362 0.99560
1633434214 5.91600 121.88157 -5.01291 0.00075 0.00361 -0.08427 0.99644
1633434214 5.86220 121.35967 -5.00313 0.00099 0.00411 -0.07520 0.99716
1633434214 5.82193 120.87700 -4.99026 0.00081 0.00358 -0.06541 0.99785
1633434214 5.79414 120.42443 -4.97773 0.00046 0.00381 -0.05594 0.99843
1633434214 5.77817 120.00912 -4.96458 -0.00006 0.00414 -0.04654 0.99891
1633434215 5.76508 119.52961 -4.95681 -0.00014 0.00401 -0.03680 0.99931
1633434215 5.76093 119.06040 -4.95105 -0.00009 0.00415 -0.02745 0.99961
1633434215 5.76706 118.64238 -4.94397 -0.00033 0.00407 -0.01741 0.99984
1633434215 5.78329 118.18656 -4.93786 -0.00006 0.00387 -0.00691 0.99997
1633434215 5.80825 117.74221 -4.93508 0.00027 0.00431 0.00341 0.99998
1633434216 5.84407 117.28045 -4.93023 0.00093 0.00437 0.01526 0.99987
1633434216 5.89322 116.85961 -4.92462 0.00141 0.00428 0.02759 0.99961
1633434216 5.94549 116.39484 -4.91993 0.00195 0.00450 0.03894 0.99923
1633434216 6.00586 116.00477 -4.91616 0.00207 0.00498 0.05075 0.99870
1633434216 6.06212 115.66380 -4.91100 0.00269 0.00536 0.06060 0.99814
1633434217 6.12481 115.31159 -4.90580 0.00324 0.00526 0.07030 0.99751
1633434217 6.19804 114.97520 -4.90025 0.00317 0.00550 0.07972 0.99680
1633434217 6.28609 114.59274 -4.89631 0.00333 0.00598 0.08760 0.99613
1633434217 6.42653 114.04943 -4.89323 0.00433 0.00611 0.10041 0.99492
1633434218 6.50118 113.76090 -4.88719 0.00405 0.00610 0.10923 0.99399
1633434218 6.59960 113.42251 -4.87985 0.00433 0.00631 0.11822 0.99296
1633434218 6.69639 113.10386 -4.87198 0.00486 0.00658 0.12724 0.99184
1633434218 6.78412 112.81749 -4.86455 0.00497 0.00697 0.13567 0.99072
1633434218 6.93004 112.39250 -4.85863 0.00427 0.00687 0.14869 0.98885
1633434219 7.01339 112.15103 -4.84985 0.00403 0.00715 0.15700 0.98756
1633434219 7.15396 111.77923 -4.84540 0.00357 0.00803 0.16813 0.98573
1633434219 7.33637 111.34002 -4.84484 0.00340 0.00798 0.17807 0.98398
1633434220 7.47036 111.01553 -4.84127 0.00329 0.00706 0.18740 0.98225
1633434220 7.73198 110.46396 -4.84204 0.00300 0.00785 0.19917 0.97993
1633434220 7.97693 109.98080 -4.84325 0.00280 0.00871 0.20941 0.97778
1633434221 8.26146 109.46230 -4.84586 0.00258 0.00878 0.21876 0.97574
1633434221 8.54602 108.96207 -4.84506 0.00249 0.00897 0.22804 0.97361
1633434222 8.74170 108.61039 -4.83869 0.00184 0.00918 0.23770 0.97129
1633434222 9.00521 108.18167 -4.84124 0.00209 0.00994 0.24632 0.96913
1633434222 9.35173 107.64135 -4.84190 0.00195 0.01075 0.25590 0.96664
1633434223 9.67038 107.14905 -4.83758 0.00208 0.01101 0.26488 0.96422
1633434223 9.99723 106.65611 -4.83547 0.00296 0.01077 0.27293 0.96197
1633434224 10.38858 106.08701 -4.83622 0.00364 0.01048 0.28190 0.95938
1633434225 10.85816 105.45631 -4.83512 0.00339 0.01122 0.28974 0.95703
1633434225 11.25813 104.92298 -4.83376 0.00309 0.01138 0.29603 0.95510
1633434226 11.60992 104.45051 -4.83403 0.00283 0.01069 0.30356 0.95275
1633434226 11.92080 104.05543 -4.80906 0.00183 0.00956 0.30996 0.95070
1633434227 12.36218 103.50543 -4.81764 0.00238 0.01124 0.31626 0.94860
1633434227 12.76236 103.02502 -4.81261 0.00265 0.01198 0.32244 0.94651
1633434228 13.16641 102.55005 -4.81015 0.00284 0.01277 0.32857 0.94439
1633434228 13.58019 102.08213 -4.80605 0.00352 0.01342 0.33496 0.94213
1633434229 14.06759 101.55659 -4.80535 0.00404 0.01458 0.34081 0.94001
1633434229 14.58502 101.00471 -4.81052 0.00351 0.01497 0.34537 0.93834
1633434230 15.17624 100.38111 -4.80793 0.00382 0.01425 0.34814 0.93732
1633434231 15.88864 99.63661 -4.80800 0.00350 0.01370 0.34628 0.93803
1633434232 16.53186 98.96174 -4.81190 0.00172 0.01182 0.33935 0.94058
1633434232 16.98178 98.45642 -4.80464 -0.00016 0.01132 0.33236 0.94308
1633434233 17.40799 97.96143 -4.78364 -0.00276 0.01153 0.32377 0.94606
1633434233 17.70412 97.58148 -4.79413 -0.00414 0.01104 0.31571 0.94878
1633434233 17.97544 97.23719 -4.75740 -0.00549 0.01199 0.30679 0.95169
1633434234 18.20487 96.90365 -4.73379 -0.00663 0.01211 0.29718 0.95472
1633434234 18.47755 96.50674 -4.72524 -0.00509 0.01168 0.28603 0.95814
1633434235 18.66257 96.20574 -4.72195 -0.00474 0.01148 0.27732 0.96070
1633434235 18.89015 95.85170 -4.70585 -0.00377 0.01231 0.26743 0.96349
1633434235 19.08202 95.51951 -4.69530 -0.00319 0.01282 0.25638 0.96649
1633434235 19.22404 95.23729 -4.68071 -0.00293 0.01295 0.24529 0.96936
1633434236 19.41668 94.88086 -4.66948 -0.00216 0.01395 0.23328 0.97231
1633434236 19.53379 94.64746 -4.64899 -0.00216 0.01529 0.22287 0.97472
1633434236 19.64198 94.37461 -4.63815 -0.00212 0.01526 0.21113 0.97734
1633434236 19.74196 94.10174 -4.62578 -0.00223 0.01486 0.19712 0.98026
1633434237 19.83031 93.81950 -4.61835 -0.00219 0.01447 0.18183 0.98322
1633434237 19.86575 93.67474 -4.60510 -0.00229 0.01406 0.17410 0.98462
1633434237 19.89485 93.52189 -4.59776 -0.00232 0.01371 0.16639 0.98596
1633434237 19.95384 93.28837 -4.58574 -0.00288 0.01360 0.15077 0.98847
1633434237 19.97675 93.15490 -4.57583 -0.00302 0.01368 0.14260 0.98968
1633434237 20.02218 92.91674 -4.56415 -0.00324 0.01357 0.12627 0.99190
1633434237 20.06042 92.67537 -4.55199 -0.00367 0.01314 0.10953 0.99389
1633434238 20.07172 92.55143 -4.54146 -0.00388 0.01295 0.10110 0.99478
1633434238 20.08278 92.41839 -4.53036 -0.00398 0.01289 0.09270 0.99560
1633434238 20.09169 92.28811 -4.51835 -0.00383 0.01274 0.08479 0.99631
1633434238 20.09949 92.15175 -4.50557 -0.00354 0.01257 0.07652 0.99698
1633434238 20.10394 92.02168 -4.49379 -0.00346 0.01237 0.06834 0.99758
1633434238 20.10675 91.88692 -4.48279 -0.00338 0.01241 0.05991 0.99812
1633434238 20.10682 91.75734 -4.47204 -0.00327 0.01261 0.05181 0.99857
1633434238 20.10498 91.62555 -4.46120 -0.00315 0.01260 0.04351 0.99897
1633434238 20.10005 91.50328 -4.45015 -0.00307 0.01250 0.03512 0.99930
1633434238 20.09155 91.38087 -4.43936 -0.00303 0.01232 0.02589 0.99958
1633434239 20.07901 91.26030 -4.42946 -0.00295 0.01207 0.01638 0.99979
1633434239 20.06313 91.03331 -4.42003 -0.00282 0.01140 -0.00279 0.99993
1633434239 20.04746 90.91169 -4.41074 -0.00271 0.01075 -0.01240 0.99986
1633434239 20.02888 90.78720 -4.40040 -0.00257 0.00991 -0.02194 0.99971
1633434239 20.00695 90.65857 -4.38909 -0.00245 0.00930 -0.03171 0.99945
1633434239 19.98131 90.53104 -4.37719 -0.00245 0.00893 -0.04134 0.99910
1633434239 19.95206 90.39898 -4.36528 -0.00251 0.00866 -0.05132 0.99864
1633434239 19.92013 90.27226 -4.35369 -0.00263 0.00820 -0.06084 0.99811
1633434239 19.88785 90.14873 -4.34165 -0.00277 0.00781 -0.07035 0.99749
1633434240 19.85579 90.02984 -4.32906 -0.00286 0.00765 -0.07958 0.99679
1633434240 19.82156 89.90702 -4.31582 -0.00294 0.00774 -0.08925 0.99597
1633434240 19.78375 89.78425 -4.30313 -0.00298 0.00780 -0.09906 0.99505
1633434240 19.73936 89.65473 -4.29121 -0.00315 0.00751 -0.10940 0.99396
1633434240 19.69491 89.53313 -4.27976 -0.00340 0.00697 -0.11888 0.99288
1633434240 19.64909 89.40735 -4.26787 -0.00362 0.00651 -0.12865 0.99166
1633434240 19.60326 89.28507 -4.25620 -0.00383 0.00639 -0.13844 0.99034
1633434240 19.55268 89.16160 -4.24431 -0.00394 0.00630 -0.14883 0.98884
1633434240 19.49835 89.03962 -4.23354 -0.00406 0.00596 -0.15894 0.98726
1633434240 19.43980 88.91625 -4.22323 -0.00433 0.00551 -0.16915 0.98557
1633434241 19.38359 88.80162 -4.21265 -0.00470 0.00536 -0.17891 0.98384
1633434241 19.32304 88.70236 -4.19845 -0.00521 0.00553 -0.18883 0.98198
1633434241 19.27906 88.59268 -4.19166 -0.00588 0.00584 -0.19874 0.98002
1633434241 19.22655 88.49262 -4.18156 -0.00664 0.00601 -0.20878 0.97792
1633434241 19.16843 88.39174 -4.17109 -0.00724 0.00594 -0.21862 0.97576
1633434241 19.09840 88.28296 -4.15995 -0.00783 0.00575 -0.22850 0.97350
1633434241 19.04674 88.18355 -4.15170 -0.00802 0.00544 -0.23833 0.97114
1633434241 18.97930 88.07415 -4.14026 -0.00790 0.00514 -0.24848 0.96859
1633434241 18.90067 87.97172 -4.12700 -0.00783 0.00506 -0.25832 0.96602
1633434241 18.82540 87.84201 -4.12176 -0.00771 0.00464 -0.26826 0.96330
1633434242 18.74411 87.72454 -4.11228 -0.00761 0.00432 -0.27766 0.96064
1633434242 18.65795 87.60494 -4.10159 -0.00769 0.00428 -0.28747 0.95775
1633434242 18.57087 87.48815 -4.09054 -0.00803 0.00451 -0.29724 0.95476
1633434242 18.47879 87.36770 -4.08005 -0.00842 0.00482 -0.30730 0.95156
1633434242 18.38211 87.25047 -4.06984 -0.00868 0.00503 -0.31725 0.94829
1633434242 18.28166 87.13295 -4.06036 -0.00878 0.00497 -0.32744 0.94482
1633434242 18.18181 87.01990 -4.05190 -0.00881 0.00491 -0.33743 0.94130
1633434242 18.07812 86.90407 -4.04318 -0.00880 0.00465 -0.34762 0.93758
1633434242 17.96412 86.79599 -4.03247 -0.00891 0.00453 -0.35743 0.93389
1633434242 17.86725 86.68105 -4.02622 -0.00917 0.00463 -0.36737 0.93002
1633434243 17.76358 86.57587 -4.01716 -0.00945 0.00451 -0.37680 0.92624
1633434243 17.65570 86.46989 -4.00684 -0.00976 0.00459 -0.38642 0.92226
1633434243 17.54739 86.36804 -3.99667 -0.01007 0.00472 -0.39587 0.91824
1633434243 17.43306 86.26527 -3.98745 -0.01028 0.00468 -0.40574 0.91392
1633434243 17.31896 86.16861 -3.97914 -0.01033 0.00469 -0.41518 0.90967
1633434243 17.20264 86.07219 -3.97192 -0.01026 0.00472 -0.42470 0.90527
1633434243 17.08966 85.97994 -3.96437 -0.01023 0.00451 -0.43394 0.90087
1633434243 16.97358 85.88911 -3.95511 -0.01037 0.00420 -0.44333 0.89629
1633434243 16.85902 85.80371 -3.94531 -0.01064 0.00413 -0.45220 0.89184
1633434243 16.73568 85.71628 -3.93545 -0.01098 0.00404 -0.46147 0.88708
1633434244 16.61319 85.63265 -3.92583 -0.01113 0.00388 -0.47026 0.88245
1633434244 16.47980 85.54718 -3.91663 -0.01107 0.00368 -0.47928 0.87758
1633434244 16.34731 85.46624 -3.90746 -0.01094 0.00331 -0.48781 0.87288
1633434244 16.20736 85.38434 -3.89805 -0.01064 0.00302 -0.49669 0.86786
1633434244 16.07673 85.30949 -3.88880 -0.01044 0.00293 -0.50526 0.86290
1633434244 15.94354 85.23606 -3.87922 -0.01040 0.00289 -0.51409 0.85767
1633434244 15.81697 85.16866 -3.86961 -0.01044 0.00281 -0.52227 0.85271
1633434244 15.68116 85.10118 -3.85964 -0.01047 0.00255 -0.53062 0.84754
1633434244 15.54876 85.03950 -3.84908 -0.01044 0.00223 -0.53855 0.84252
1633434244 15.41525 84.97931 -3.83872 -0.01045 0.00207 -0.54662 0.83731
1633434245 15.28331 84.92159 -3.82969 -0.01059 0.00213 -0.55460 0.83205
1633434245 15.14561 84.86389 -3.82056 -0.01080 0.00216 -0.56295 0.82642
1633434245 15.01212 84.81004 -3.81179 -0.01101 0.00228 -0.57093 0.82092
1633434245 14.87272 84.75668 -3.80361 -0.01101 0.00224 -0.57887 0.81534
1633434245 14.73333 84.70694 -3.79488 -0.01077 0.00200 -0.58632 0.81001
1633434245 14.58185 84.65792 -3.78632 -0.01055 0.00156 -0.59374 0.80459
1633434245 14.43155 84.61405 -3.77676 -0.01064 0.00150 -0.60058 0.79949
1633434245 14.27106 84.57157 -3.76635 -0.01084 0.00161 -0.60778 0.79403
1633434245 14.11616 84.53193 -3.75642 -0.01114 0.00190 -0.61473 0.78865
1633434245 13.95923 84.49230 -3.74632 -0.01149 0.00198 -0.62176 0.78312
1633434246 13.80782 84.45647 -3.73625 -0.01172 0.00202 -0.62838 0.77782
1633434246 13.65238 84.42327 -3.72602 -0.01179 0.00210 -0.63512 0.77232
1633434246 13.34918 84.37756 -3.71334 -0.01207 0.00200 -0.64814 0.76142
1633434246 13.19537 84.35393 -3.70282 -0.01233 0.00188 -0.65458 0.75589
1633434246 12.88939 84.32506 -3.69033 -0.01279 0.00206 -0.66705 0.74490
1633434246 12.58873 84.30260 -3.67578 -0.01314 0.00255 -0.67930 0.73374
1633434247 12.29291 84.28888 -3.65873 -0.01362 0.00316 -0.69123 0.72250
1633434247 12.00256 84.28327 -3.64019 -0.01396 0.00308 -0.70272 0.71132
1633434247 11.70496 84.28782 -3.62347 -0.01448 0.00348 -0.71417 0.69981
1633434247 11.40366 84.30379 -3.60722 -0.01515 0.00343 -0.72474 0.68885
1633434247 11.08225 84.33343 -3.59104 -0.01545 0.00327 -0.73486 0.67803
1633434248 10.76337 84.36845 -3.57461 -0.01461 0.00277 -0.74482 0.66710
1633434248 10.48281 84.40106 -3.56194 -0.01431 0.00268 -0.75416 0.65653
1633434248 10.23931 84.42839 -3.54333 -0.01448 0.00290 -0.76348 0.64566
1633434248 10.03717 84.45255 -3.52759 -0.01485 0.00272 -0.77299 0.63424
1633434248 9.87789 84.47296 -3.51477 -0.01539 0.00263 -0.78191 0.62319
1633434249 9.71901 84.49699 -3.50347 -0.01572 0.00226 -0.79064 0.61208
1633434249 9.51059 84.54136 -3.48782 -0.01539 0.00180 -0.79871 0.60151
1633434249 9.28017 84.60564 -3.47256 -0.01484 0.00147 -0.80668 0.59080
1633434249 9.07268 84.66174 -3.46264 -0.01447 0.00102 -0.81414 0.58049
1633434249 8.85404 84.72272 -3.45216 -0.01449 0.00021 -0.82168 0.56976
1633434250 8.61999 84.79809 -3.43689 -0.01472 -0.00029 -0.82893 0.55916
1633434250 8.37450 84.88682 -3.42317 -0.01509 -0.00069 -0.83593 0.54863
1633434250 8.11662 84.98898 -3.40994 -0.01421 -0.00083 -0.84282 0.53801
1633434250 7.87481 85.08463 -3.39665 -0.01381 -0.00121 -0.84939 0.52758
1633434250 7.63261 85.19201 -3.38488 -0.01352 -0.00148 -0.85573 0.51724
1633434251 7.39205 85.31037 -3.37561 -0.01339 -0.00205 -0.86180 0.50706
1633434251 7.16068 85.42668 -3.36440 0.01324 0.00275 0.86765 -0.49700
1633434251 6.92623 85.55483 -3.35298 0.01296 0.00336 0.87313 -0.48731
1633434251 6.69398 85.68237 -3.34152 0.01259 0.00389 0.87819 -0.47813
1633434251 6.47508 85.80170 -3.33059 0.01128 0.00436 0.88377 -0.46777
1633434252 6.26783 85.92845 -3.32061 0.01101 0.00576 0.88824 -0.45922
1633434252 6.00437 86.09034 -3.31047 0.01052 0.00734 0.89325 -0.44937
1633434252 5.77122 86.24058 -3.30172 0.01022 0.00615 0.89724 -0.44137
1633434252 5.53025 86.41561 -3.29065 0.00955 0.00536 0.90275 -0.43003
1633434253 5.35986 86.54175 -3.28174 0.00927 0.00674 0.90637 -0.42234
1633434253 5.20394 86.65940 -3.27332 0.00999 0.00720 0.91005 -0.41432
1633434253 5.02653 86.78937 -3.26414 0.00972 0.00739 0.91389 -0.40578
1633434253 4.85723 86.91107 -3.25576 0.00910 0.00760 0.91738 -0.39784
1633434253 4.70470 87.03621 -3.25033 0.00832 0.00751 0.92098 -0.38946
1633434254 4.55018 87.14959 -3.24332 0.00786 0.00800 0.92429 -0.38152
1633434254 4.32924 87.32490 -3.23270 0.00727 0.00846 0.92881 -0.37038
1633434254 4.09924 87.53011 -3.22251 0.00670 0.00822 0.93332 -0.35890
1633434255 3.94023 87.66150 -3.22281 0.00548 0.00864 0.93748 -0.34790
1633434255 3.80834 87.76057 -3.22628 0.00337 0.00927 0.94139 -0.33717
1633434255 3.62395 87.95715 -3.22523 0.00255 0.00983 0.94439 -0.32868
1633434255 3.44077 88.16913 -3.23014 0.00241 0.01052 0.94704 -0.32095
1633434256 3.26476 88.37262 -3.22304 0.00346 0.01045 0.94997 -0.31214
1633434256 3.08104 88.58019 -3.21846 0.00314 0.01077 0.95317 -0.30221
1633434256 2.89507 88.81588 -3.21525 0.00104 0.01033 0.95656 -0.29136
1633434257 2.71790 89.06374 -3.21684 0.00021 0.01001 0.95966 -0.28099
1633434257 2.55428 89.28702 -3.21227 -0.00028 0.00959 0.96276 -0.27019
1633434257 2.37199 89.54966 -3.21402 -0.00117 0.00991 0.96570 -0.25948
1633434258 2.20094 89.81060 -3.21566 -0.00267 0.00975 0.96841 -0.24915
1633434258 2.05401 90.05259 -3.21673 -0.00370 0.00957 0.97099 -0.23888
1633434258 1.92869 90.26296 -3.21793 -0.00329 0.00990 0.97331 -0.22925
1633434258 1.79991 90.48849 -3.22104 -0.00254 0.00990 0.97545 -0.21999
1633434259 1.69093 90.65449 -3.22768 -0.00372 0.01069 0.97729 -0.21159
1633434259 1.57703 90.82689 -3.23249 -0.00551 0.01089 0.97923 -0.20239
1633434259 1.47371 91.00872 -3.22741 -0.00506 0.01076 0.98101 -0.19357
1633434260 1.38556 91.18959 -3.21586 -0.00369 0.01096 0.98271 -0.18481
1633434260 1.30455 91.35961 -3.21003 -0.00361 0.01101 0.98413 -0.17708
1633434260 1.20890 91.56136 -3.20000 -0.00363 0.00996 0.98561 -0.16868
1633434261 1.11352 91.72522 -3.18222 -0.00292 0.00885 0.98714 -0.15956
1633434261 1.01672 91.92709 -3.16882 -0.00284 0.00854 0.98869 -0.14971
1633434262 0.89872 92.26094 -3.17464 -0.00291 0.00935 0.99009 -0.14007
1633434262 0.79677 92.57808 -3.18098 -0.00179 0.00872 0.99143 -0.13035
1633434262 0.72052 92.76551 -3.17026 -0.00137 0.00674 0.99241 -0.12279
1633434263 0.63885 93.00422 -3.16113 -0.00218 0.00626 0.99341 -0.11439
1633434263 0.55381 93.33865 -3.16212 -0.00245 0.00621 0.99427 -0.10673
1633434263 0.43825 93.80815 -3.16104 -0.00243 0.00721 0.99537 -0.09580
1633434264 0.36542 94.14530 -3.15815 -0.00270 0.00718 0.99630 -0.08566
1633434264 0.29186 94.50179 -3.15941 -0.00087 0.00569 0.99714 -0.07536
1633434264 0.24577 94.75674 -3.15586 -0.00112 0.00554 0.99775 -0.06684
1633434264 0.19076 95.06493 -3.15121 -0.00151 0.00686 0.99825 -0.05874
1633434265 0.12972 95.50163 -3.14624 -0.00205 0.00627 0.99888 -0.04682
1633434265 0.09186 95.82070 -3.14054 -0.00262 0.00636 0.99926 -0.03781
1633434265 0.06442 96.11906 -3.14195 -0.00316 0.00743 0.99957 -0.02833
1633434265 0.03411 96.44930 -3.13995 -0.00404 0.00790 0.99978 -0.01897
1633434265 0.01594 96.78618 -3.13587 -0.00456 0.00799 0.99991 -0.00939
1633434266 0.00962 97.11075 -3.12615 -0.00509 0.00832 0.99995 0.00048
1633434266 0.00607 97.42623 -3.12074 -0.00540 0.00899 0.99991 0.00832
1633434266 0.00917 97.87503 -3.12077 -0.00604 0.00925 0.99973 0.02053
1633434266 0.01626 98.18622 -3.12132 -0.00655 0.00908 0.99952 0.02905
1633434266 0.02726 98.52262 -3.11237 -0.00689 0.00876 0.99922 0.03776
1633434267 0.04836 98.84620 -3.10837 -0.00750 0.00927 0.99885 0.04634
1633434267 0.06715 99.13893 -3.11349 -0.00832 0.00934 0.99841 0.05491
1633434267 0.10663 99.45245 -3.11096 -0.00888 0.00927 0.99792 0.06316
1633434267 0.12787 99.72223 -3.10466 -0.00953 0.00907 0.99739 0.07098
1633434268 0.19386 100.17897 -3.11224 -0.01001 0.00919 0.99653 0.08213
1633434268 0.26064 100.62791 -3.10374 -0.00935 0.00872 0.99563 0.09247
1633434268 0.33886 101.05415 -3.09821 -0.00945 0.00902 0.99469 0.10212
1633434268 0.40373 101.41310 -3.08731 -0.01053 0.00900 0.99365 0.11169
1633434269 0.48166 101.75937 -3.10202 -0.01124 0.00823 0.99221 0.12377
1633434269 0.54138 102.01216 -3.09038 -0.01112 0.00744 0.99119 0.13178
1633434269 0.62848 102.26384 -3.10314 -0.01121 0.00759 0.99004 0.14011
1633434269 0.68381 102.47534 -3.09090 -0.01145 0.00747 0.98892 0.14783
1633434270 0.77114 102.82404 -3.08771 -0.01152 0.00712 0.98767 0.15593
1633434270 0.94809 103.37204 -3.06502 -0.01217 0.00647 0.98629 0.16442
1633434270 1.11725 103.90066 -3.07864 -0.01276 0.00778 0.98485 0.17277
1633434271 1.30431 104.41346 -3.08024 -0.01308 0.00461 0.98352 0.18026
1633434271 1.43302 104.79084 -3.06357 -0.01317 0.00489 0.98240 0.18624
1633434272 1.61825 105.33028 -3.07674 -0.01304 0.00588 0.98114 0.19279
1633434272 1.89911 106.03493 -3.05887 -0.01235 0.00499 0.97963 0.20039
1633434273 2.23308 106.88308 -3.06980 -0.01185 0.00645 0.97830 0.20676
1633434273 2.61046 107.79467 -3.06311 -0.01072 0.00694 0.97713 0.21228
1633434274 3.11741 108.97348 -3.06598 -0.00882 0.00686 0.97610 0.21703
1633434275 3.65898 110.30871 -3.09146 -0.00732 0.00952 0.97540 0.22010
1633434276 4.01897 111.14766 -3.09493 -0.00433 0.00818 0.97498 0.22212
1633434276 4.50090 112.27514 -3.08513 -0.00228 0.01014 0.97323 0.22960
1633434277 4.83999 113.08607 -3.11807 0.00042 0.00919 0.97123 0.23795
1633434278 5.22063 113.91427 -3.12388 0.00158 0.01022 0.96859 0.24846
1633434278 5.48029 114.39272 -3.15190 0.00455 0.00748 0.96666 0.25590
1633434279 5.85233 115.10645 -3.14153 0.00459 0.00952 0.96442 0.26416
1633434279 6.19056 115.70510 -3.15014 0.00627 0.00769 0.96245 0.27129
1633434280 6.52655 116.30646 -3.13630 0.00738 0.00835 0.96021 0.27906
1633434280 6.92912 116.98948 -3.12738 0.00883 0.00639 0.95782 0.28718
1633434281 7.34391 117.67079 -3.15423 0.00989 0.00753 0.95619 0.29247
1633434281 7.79636 118.40870 -3.15743 0.01069 0.00781 0.95398 0.29959
1633434282 8.21396 119.05326 -3.18770 0.01218 0.00743 0.95213 0.30537
1633434283 8.92301 120.12162 -3.21090 0.01353 0.00732 0.95021 0.31123
1633434294 8.31835 119.21833 -3.17365 0.00987 0.00652 0.95038 0.31087
1633434294 8.00696 118.77200 -3.15303 0.00914 0.00854 0.95282 0.30328
1633434295 7.77123 118.44489 -3.15119 0.00958 0.00858 0.95541 0.29499
1633434295 7.51260 118.07458 -3.12861 0.00866 0.00968 0.95791 0.28678
1633434296 7.33333 117.80780 -3.12721 0.00941 0.00898 0.96031 0.27864
1633434296 7.14768 117.52959 -3.11216 0.00823 0.01009 0.96280 0.26992
1633434296 6.99351 117.29052 -3.11512 0.00917 0.00930 0.96521 0.26114
1633434297 6.80838 116.98128 -3.10590 0.00869 0.00899 0.96748 0.25265
1633434297 6.61902 116.63725 -3.10550 0.00816 0.00919 0.96999 0.24283
1633434298 6.36565 116.20176 -3.08964 0.00693 0.00938 0.97237 0.23316
1633434299 6.06795 115.60725 -3.08513 0.00647 0.00906 0.97462 0.22359
1633434300 5.69135 114.73362 -3.07171 0.00587 0.00951 0.97634 0.21595
1633434302 5.18558 113.43197 -3.05897 0.00512 0.00971 0.97660 0.21477
1633434303 4.67252 112.12896 -3.03789 0.00301 0.00953 0.97619 0.21669
1633434305 4.23875 111.05345 -3.02867 0.00023 0.00912 0.97514 0.22140
1633434306 3.83380 110.05409 -3.01625 -0.00366 0.00890 0.97405 0.22612
1633434308 3.16806 108.49252 -3.00406 -0.00614 0.00813 0.97506 0.22173
1633434309 2.88626 107.82391 -3.00104 -0.00584 0.00744 0.97703 0.21289
1633434310 2.66119 107.28873 -2.98956 -0.00653 0.00736 0.97916 0.20284
1633434311 2.44296 106.76844 -2.97359 -0.00704 0.00707 0.98120 0.19274
1633434311 2.24213 106.25051 -2.95902 -0.00764 0.00687 0.98310 0.18276
1633434312 1.91768 105.40236 -2.94028 -0.00783 0.00697 0.98467 0.17414
1633434315 1.43480 103.77859 -2.91132 -0.00803 0.00674 0.98420 0.17677
1633434316 1.22911 102.97326 -2.91454 -0.00757 0.00738 0.98324 0.18203
1633434317 1.04056 102.18623 -2.90288 -0.00723 0.00825 0.98224 0.18733
1633434318 0.75584 101.21638 -2.88880 -0.00697 0.00876 0.98122 0.19256
1633434320 0.43201 100.21142 -2.89189 -0.00609 0.00771 0.98023 0.19761
1633434322 -0.13229 98.58224 -2.89001 -0.00349 0.00785 0.98001 0.19877
1633434324 -0.79483 96.77422 -2.87108 -0.00284 0.00733 0.98000 0.19886
1633434326 -1.36419 95.23101 -2.85263 -0.00331 0.00558 0.98081 0.19488
1633434329 -2.04335 93.34234 -2.85100 -0.00497 0.00404 0.98056 0.19610
1633434331 -2.56836 91.87754 -2.85668 -0.00495 0.00476 0.97985 0.19961
1633434332 -2.96842 90.80829 -2.84909 -0.00657 0.00610 0.97879 0.20467
1633434334 -3.44713 89.62345 -2.85057 -0.00682 0.00492 0.97774 0.20963
1633434336 -4.09420 88.03448 -2.84073 -0.00794 0.00556 0.97777 0.20946
1633434339 -4.65660 86.61905 -2.93400 -0.00700 0.00983 0.97827 0.20699
1633434354 -4.64637 86.67069 -2.88952 -0.00062 0.00020 0.97820 0.20765
1633434355 -4.37497 87.41376 -2.90060 0.00008 -0.00680 0.97830 0.20709
1633434356 -4.06875 88.25985 -2.92314 -0.00455 -0.00276 0.97946 0.20159
1633434357 -3.40558 90.10709 -2.94133 -0.00529 0.00354 0.97998 0.19897
1633434358 -2.64035 92.49175 -3.15333 -0.00401 0.00218 0.97979 0.19998
1633434360 -1.87089 94.62932 -3.01089 -0.00350 0.00274 0.97939 0.20192
1633434361 -1.28138 96.23310 -2.94689 -0.00124 0.00478 0.97928 0.20247
1633434362 -0.50775 98.49540 -2.95461 -0.00303 0.00717 0.97883 0.20454
1633434363 -0.06176 99.61266 -2.91276 -0.00505 0.00598 0.97776 0.20959
1633434364 0.37578 100.85096 -2.91858 -0.00647 0.00813 0.97640 0.21570
1633434364 0.71316 101.62853 -2.89381 -0.00766 0.00582 0.97472 0.22322
1633434365 0.91552 102.04253 -2.88009 -0.00769 0.00722 0.97266 0.23198
1633434365 1.04383 102.16960 -2.87906 -0.00640 0.00704 0.97092 0.23920
1633434365 1.15785 102.23441 -2.87771 -0.00550 0.00486 0.96907 0.24668
1633434366 1.40779 102.77307 -2.85420 -0.00568 0.00528 0.96690 0.25502
1633434366 1.63319 103.11441 -2.84820 -0.00536 0.00744 0.96411 0.26534
1633434366 1.86066 103.49077 -2.85577 -0.00356 0.00887 0.96083 0.27697
1633434366 1.99854 103.74925 -2.86217 -0.00238 0.00861 0.95851 0.28491
1633434367 2.21216 104.09092 -2.86496 -0.00203 0.00732 0.95589 0.29364
1633434367 2.39646 104.36483 -2.85958 -0.00261 0.00766 0.95292 0.30313
1633434367 2.62876 104.68257 -2.85080 -0.00267 0.01012 0.94953 0.31351
1633434367 2.86161 105.00008 -2.84556 -0.00250 0.01127 0.94603 0.32387
1633434367 3.11404 105.33379 -2.84009 -0.00217 0.01169 0.94213 0.33505
1633434368 3.31306 105.54310 -2.83890 -0.00020 0.01242 0.93797 0.34648
1633434368 3.56829 105.81809 -2.84815 0.00253 0.01317 0.93335 0.35873
1633434368 3.85895 106.12455 -2.84491 0.00458 0.01207 0.92840 0.37137
1633434368 4.14624 106.40238 -2.84137 0.00607 0.01172 0.92326 0.38395
1633434368 4.45228 106.68485 -2.83612 0.00697 0.01195 0.91787 0.39665
1633434369 4.76964 106.96340 -2.83825 0.00677 0.01278 0.91194 0.41007
1633434369 5.11658 107.25134 -2.84572 0.00548 0.01519 0.90463 0.42590
1633434369 5.30139 107.38980 -2.84611 0.00535 0.01631 0.90044 0.43465
1633434369 5.47439 107.50976 -2.84182 0.00521 0.01664 0.89628 0.44315
1633434369 5.65689 107.63324 -2.83846 0.00563 0.01630 0.89195 0.45180
1633434369 5.81732 107.73428 -2.83739 0.00608 0.01581 0.88791 0.45970
1633434369 5.99429 107.84415 -2.83556 0.00683 0.01549 0.88381 0.46754
1633434369 6.17445 107.95336 -2.83543 0.00721 0.01569 0.87962 0.47536
1633434370 6.36310 108.06273 -2.83680 0.00705 0.01651 0.87491 0.48396
1633434370 6.55117 108.16480 -2.83877 0.00659 0.01756 0.86994 0.49281
1633434370 6.72644 108.25456 -2.84255 0.00647 0.01787 0.86483 0.50170
1633434370 6.89301 108.33677 -2.84441 0.00672 0.01785 0.86005 0.50985
1633434370 7.07810 108.42523 -2.84528 0.00705 0.01765 0.85513 0.51807
1633434370 7.26617 108.51077 -2.84518 0.00719 0.01735 0.85009 0.52631
1633434370 7.46851 108.59831 -2.84467 0.00790 0.01713 0.84455 0.53514
1633434370 7.66330 108.67663 -2.84428 0.00905 0.01700 0.83918 0.54351
1633434370 7.84775 108.74546 -2.84576 0.00980 0.01680 0.83380 0.55173
1633434370 8.01254 108.80516 -2.84675 0.01031 0.01663 0.82838 0.55983
1633434371 8.17503 108.86246 -2.84559 0.01051 0.01667 0.82256 0.56834
1633434371 8.33045 108.91206 -2.84444 0.01022 0.01632 0.81675 0.57667
1633434371 8.49839 108.95997 -2.84410 0.00996 0.01572 0.81085 0.58496
1633434371 8.65875 109.00125 -2.84300 0.00964 0.01516 0.80511 0.59285
1633434371 8.82411 109.04245 -2.84166 0.00921 0.01480 0.79899 0.60109
1633434371 8.97580 109.07764 -2.83805 0.00898 0.01500 0.79305 0.60890
1633434371 9.14036 109.11167 -2.83447 0.00892 0.01528 0.78699 0.61671
1633434371 9.30331 109.14178 -2.83068 0.00897 0.01528 0.78102 0.62426
1633434371 9.47043 109.17143 -2.82650 0.00894 0.01543 0.77459 0.63221
1633434371 9.61135 109.19382 -2.82057 0.00874 0.01560 0.76832 0.63982
1633434372 9.88038 109.24051 -2.81490 0.00841 0.01561 0.75571 0.65467
1633434372 10.00185 109.25245 -2.80822 0.00810 0.01531 0.74927 0.66204
1633434372 10.25233 109.28360 -2.80456 0.00753 0.01526 0.73636 0.67638
1633434372 10.51808 109.30744 -2.80203 0.00734 0.01569 0.72326 0.69036
1633434372 10.63150 109.31127 -2.79495 0.00700 0.01608 0.71660 0.69726
1633434372 10.75431 109.31204 -2.78844 0.00659 0.01648 0.70970 0.70428
1633434372 10.88229 109.30961 -2.78109 0.00661 0.01666 0.70285 0.71111
1633434373 11.02422 109.30313 -2.77387 0.00697 0.01676 0.69593 0.71788
1633434373 11.15998 109.29389 -2.76756 0.00722 0.01690 0.68917 0.72437
1633434373 11.30481 109.27999 -2.76261 0.00741 0.01707 0.68201 0.73111
1633434373 11.44792 109.26209 -2.75882 0.00748 0.01694 0.67485 0.73772
1633434373 11.75180 109.22575 -2.76227 0.00699 0.01676 0.66032 0.75077
1633434373 12.07342 109.18476 -2.77156 0.00775 0.01635 0.64558 0.76348
1633434373 12.24751 109.15575 -2.77141 0.00829 0.01649 0.63791 0.76989
1633434374 12.59810 109.10636 -2.77166 0.00861 0.01772 0.62241 0.78244
1633434374 12.89984 109.05560 -2.76483 0.00874 0.01855 0.60663 0.79472
1633434374 13.01567 109.03113 -2.75637 0.00841 0.01905 0.59873 0.80068
1633434374 13.12725 109.00587 -2.74885 0.00805 0.01940 0.59058 0.80670
1633434374 13.33778 108.95692 -2.74544 0.00737 0.01948 0.57428 0.81839
1633434374 13.52053 108.90940 -2.74392 0.00643 0.01986 0.55777 0.82974
1633434375 13.72410 108.84144 -2.74537 0.00580 0.01991 0.54116 0.84066
1633434375 13.83217 108.79215 -2.74349 0.00586 0.01965 0.53288 0.84594
1633434375 14.06477 108.68702 -2.74461 0.00512 0.01899 0.51611 0.85629
1633434375 14.31364 108.56056 -2.74244 0.00451 0.01921 0.49860 0.86661
1633434375 14.43294 108.49292 -2.73655 0.00468 0.01956 0.48935 0.87186
1633434375 14.67869 108.35557 -2.73200 0.00476 0.01979 0.47148 0.88164
1633434375 14.79745 108.27399 -2.72804 0.00466 0.01953 0.46273 0.88627
1633434376 14.91325 108.19049 -2.72455 0.00456 0.01921 0.45379 0.89089
1633434376 15.02672 108.10580 -2.72179 0.00439 0.01885 0.44500 0.89532
1633434376 15.14131 108.01932 -2.71742 0.00428 0.01894 0.43592 0.89978
1633434376 15.24701 107.93971 -2.71162 0.00409 0.01932 0.42674 0.90416
1633434376 15.44022 107.80483 -2.70731 0.00360 0.02046 0.40784 0.91282
1633434376 15.61283 107.67030 -2.70226 0.00332 0.02089 0.38916 0.92093
1633434376 15.77440 107.52962 -2.69492 0.00286 0.02030 0.37049 0.92861
1633434377 15.85219 107.44779 -2.68887 0.00244 0.02006 0.36103 0.93234
1633434377 16.01156 107.28232 -2.68521 0.00231 0.01989 0.34134 0.93973
1633434377 16.09016 107.19086 -2.68113 0.00252 0.01998 0.33140 0.94328
1633434377 16.24858 107.01609 -2.67816 0.00282 0.01983 0.31180 0.94994
1633434377 16.33392 106.89745 -2.67279 0.00273 0.01957 0.30202 0.95310
1633434377 16.50162 106.66710 -2.66740 0.00240 0.01923 0.28244 0.95909
1633434377 16.58161 106.54767 -2.66066 0.00216 0.01948 0.27249 0.96196
1633434378 16.65799 106.43239 -2.65416 0.00193 0.01988 0.26237 0.96476
1633434378 16.72973 106.31992 -2.64863 0.00182 0.02003 0.25230 0.96744
1633434378 16.86823 106.09968 -2.64573 0.00178 0.01984 0.23252 0.97239
1633434378 16.93155 105.98153 -2.64006 0.00154 0.01966 0.22256 0.97472
1633434378 17.04599 105.78280 -2.63061 0.00062 0.01940 0.20262 0.97906
1633434378 17.09620 105.69022 -2.62140 0.00026 0.01951 0.19274 0.98105
1633434378 17.14609 105.59271 -2.61310 0.00008 0.01962 0.18275 0.98296
1633434378 17.19478 105.49190 -2.60570 -0.00006 0.01977 0.17281 0.98476
1633434379 17.29204 105.29805 -2.59888 -0.00032 0.02003 0.15316 0.98800
1633434379 17.33497 105.19579 -2.59185 -0.00055 0.02011 0.14326 0.98948
1633434379 17.37495 105.09828 -2.58439 -0.00088 0.01995 0.13329 0.99088
1633434379 17.45077 104.90563 -2.57423 -0.00134 0.01955 0.11351 0.99334
1633434379 17.48563 104.78639 -2.56656 -0.00125 0.01933 0.10361 0.99443
1633434379 17.55082 104.53140 -2.55834 -0.00103 0.01919 0.08393 0.99629
1633434379 17.57872 104.38649 -2.55020 -0.00084 0.01891 0.07418 0.99707
1633434380 17.60489 104.24064 -2.54170 -0.00071 0.01885 0.06450 0.99774
1633434380 17.63213 104.10554 -2.53343 -0.00060 0.01890 0.05479 0.99832
1633434380 17.68405 103.87425 -2.52228 -0.00053 0.01899 0.03555 0.99919
1633434380 17.70826 103.77520 -2.51408 -0.00052 0.01889 0.02600 0.99948
1633434380 17.73302 103.68694 -2.50678 -0.00064 0.01883 0.01641 0.99969
1633434380 17.75566 103.59881 -2.49962 -0.00084 0.01873 0.00679 0.99980
1633434380 17.77552 103.51070 -2.49221 -0.00109 0.01859 -0.00276 0.99982
1633434380 17.78886 103.40751 -2.48402 -0.00123 0.01829 -0.01226 0.99976
1633434380 17.79679 103.29539 -2.47604 -0.00141 0.01793 -0.02149 0.99961
1633434381 17.80124 103.17867 -2.46828 -0.00149 0.01756 -0.03073 0.99937
1633434381 17.79639 103.04067 -2.45989 -0.00147 0.01711 -0.03989 0.99906
1633434381 17.78753 102.89827 -2.45162 -0.00150 0.01671 -0.04895 0.99866
1633434381 17.77734 102.75753 -2.44316 -0.00150 0.01635 -0.05799 0.99818
1633434381 17.76686 102.62239 -2.43431 -0.00148 0.01594 -0.06683 0.99764
1633434381 17.75851 102.49780 -2.42535 -0.00153 0.01562 -0.07546 0.99703
1633434381 17.75212 102.38237 -2.41628 -0.00157 0.01549 -0.08383 0.99636
1633434381 17.74485 102.27100 -2.40730 -0.00153 0.01528 -0.09195 0.99564
1633434381 17.73104 102.15049 -2.39859 -0.00158 0.01505 -0.09989 0.99488
1633434381 17.71736 102.03934 -2.39039 -0.00166 0.01479 -0.10746 0.99410
1633434382 17.68959 101.83113 -2.37955 -0.00197 0.01435 -0.12187 0.99244
1633434382 17.64885 101.61930 -2.36775 -0.00248 0.01417 -0.13543 0.99068
1633434382 17.59104 101.39559 -2.35625 -0.00259 0.01369 -0.14802 0.98889
1633434382 17.52890 101.17976 -2.34365 -0.00278 0.01311 -0.15944 0.98712
1633434382 17.46025 100.96541 -2.33037 -0.00334 0.01273 -0.16965 0.98542
1633434383 17.37752 100.74453 -2.31665 -0.00388 0.01241 -0.17887 0.98379
1633434383 17.28797 100.52729 -2.30264 -0.00418 0.01215 -0.18783 0.98212
1633434383 17.18908 100.30940 -2.28805 -0.00486 0.01164 -0.19543 0.98064
1633434383 17.04096 99.98957 -2.26970 -0.00528 0.01131 -0.20615 0.97844
1633434384 16.90517 99.69984 -2.25118 -0.00588 0.01113 -0.21508 0.97652
1633434384 16.74773 99.38539 -2.23463 -0.00655 0.01087 -0.22290 0.97476
1633434384 16.54501 98.97591 -2.21769 -0.00740 0.01016 -0.23080 0.97292
1633434385 16.28435 98.44694 -2.19721 -0.00810 0.00989 -0.23585 0.97171
1633434386 15.83592 97.49480 -2.16784 -0.00910 0.00942 -0.23245 0.97252
1633434386 15.62167 97.02448 -2.15927 -0.00933 0.00937 -0.22610 0.97401
1633434387 15.46249 96.58402 -2.15413 -0.00868 0.01031 -0.22013 0.97538
1633434387 15.02348 95.63203 -2.12478 -0.00809 0.01032 -0.22821 0.97352
1633434388 14.86372 95.24324 -2.11439 -0.00775 0.01091 -0.23749 0.97130
1633434388 14.71370 94.75416 -2.10721 -0.00865 0.01172 -0.24779 0.96870
1633434388 14.55111 94.46967 -2.09352 -0.00857 0.01096 -0.25559 0.96668
1633434389 14.22777 93.84722 -2.06770 -0.00881 0.01102 -0.25816 0.96600
1633434389 13.88570 93.08040 -2.04939 -0.00905 0.01057 -0.25299 0.96737
1633434390 13.43355 92.13038 -2.02586 -0.00797 0.01199 -0.25794 0.96605
1633434390 13.21158 91.68253 -2.00283 -0.00928 0.01160 -0.26715 0.96354
1633434391 13.04194 91.37086 -1.98337 -0.00906 0.01146 -0.27449 0.96148
1633434391 12.86596 91.08069 -1.96794 -0.00929 0.01168 -0.28307 0.95898
1633434391 12.69087 90.82686 -1.95200 -0.01039 0.01122 -0.29017 0.95685
1633434391 12.38000 90.33769 -1.92863 -0.00998 0.01113 -0.29851 0.95429
1633434392 12.03296 89.82824 -1.90949 -0.00964 0.01106 -0.30670 0.95169
1633434392 11.66281 89.28448 -1.88768 -0.00986 0.01069 -0.31504 0.94897
1633434392 11.26798 88.71872 -1.86635 -0.00977 0.01001 -0.32321 0.94622
1633434393 10.84067 88.14948 -1.84027 -0.01038 0.01033 -0.33138 0.94338
1633434393 10.19854 87.31538 -1.80720 -0.00995 0.01010 -0.34044 0.94016
1633434393 9.34383 86.22004 -1.77477 -0.00994 0.01021 -0.34703 0.93775
1633434394 8.41647 85.07739 -1.73088 -0.01080 0.00956 -0.34944 0.93685
1633434395 7.25577 83.58842 -1.67350 -0.01304 0.00770 -0.34443 0.93869
1633434395 6.66562 82.81398 -1.64606 -0.01233 0.00685 -0.33586 0.94181
1633434395 6.03459 81.95906 -1.61492 -0.01150 0.00715 -0.32473 0.94571
1633434395 5.64661 81.40190 -1.59267 -0.01071 0.00670 -0.31576 0.94876
1633434396 5.26476 80.82602 -1.57010 -0.00918 0.00628 -0.30626 0.95188
1633434396 4.91703 80.26684 -1.54891 -0.00852 0.00578 -0.29559 0.95526
1633434396 4.58115 79.68922 -1.53160 -0.00794 0.00547 -0.28400 0.95878
1633434396 4.28610 79.13029 -1.51493 -0.00711 0.00580 -0.27151 0.96239
1633434396 4.00584 78.57040 -1.49875 -0.00659 0.00612 -0.25850 0.96597
1633434397 3.74452 77.99971 -1.48383 -0.00575 0.00566 -0.24534 0.96940
1633434397 3.50610 77.43761 -1.47521 -0.00428 0.00542 -0.23222 0.97264
1633434397 3.29463 76.88505 -1.46130 -0.00362 0.00434 -0.21881 0.97575
1633434397 3.11708 76.35250 -1.45055 -0.00309 0.00440 -0.20540 0.97866
1633434397 2.95847 75.83437 -1.44380 -0.00212 0.00439 -0.19230 0.98132
1633434398 2.80373 75.29325 -1.43329 -0.00110 0.00421 -0.17896 0.98385
1633434398 2.67178 74.75953 -1.42745 -0.00004 0.00337 -0.16527 0.98624
1633434398 2.53557 74.21455 -1.42020 0.00079 0.00215 -0.15190 0.98839
1633434398 2.42097 73.67581 -1.41245 0.00139 0.00024 -0.13775 0.99047
1633434398 2.34330 73.18901 -1.40974 0.00236 -0.00016 -0.12283 0.99243
1633434399 2.27971 72.74118 -1.40319 0.00320 0.00006 -0.10989 0.99394
1633434399 2.22550 72.32189 -1.39618 0.00315 0.00017 -0.10029 0.99495
1633434399 2.18078 71.92136 -1.39106 0.00241 -0.00129 -0.09056 0.99589
1633434399 2.14121 71.50831 -1.38719 0.00226 -0.00315 -0.08228 0.99660
1633434399 2.10670 70.91790 -1.38627 0.00212 -0.00484 -0.07004 0.99753
1633434400 2.09715 70.33657 -1.38481 0.00177 -0.00347 -0.05798 0.99831
1633434400 2.09185 69.77797 -1.38543 0.00140 -0.00231 -0.04646 0.99892
1633434400 2.10055 69.20962 -1.38751 -0.00092 -0.00349 -0.03582 0.99935
1633434401 2.10210 68.82309 -1.38137 -0.00280 -0.00528 -0.02843 0.99958
1633434401 2.09861 68.41606 -1.37313 -0.00196 -0.00648 -0.02087 0.99976
1633434401 2.11759 67.74337 -1.36473 -0.00237 -0.00615 -0.00973 0.99993
1633434401 2.16116 66.96203 -1.35330 -0.00349 -0.00602 0.00191 0.99997
1633434402 2.18401 66.42784 -1.33736 -0.00305 -0.00608 0.00947 0.99993
1633434402 2.27956 65.45589 -1.32963 -0.00328 -0.00576 0.02081 0.99976
1633434402 2.39354 64.46975 -1.31440 -0.00357 -0.00593 0.03162 0.99948
1633434402 2.53723 63.42542 -1.30504 -0.00303 -0.00641 0.04162 0.99911
1633434403 2.71423 62.33302 -1.28970 -0.00310 -0.00741 0.05067 0.99868
1633434403 2.99320 60.80596 -1.29280 -0.00182 -0.00823 0.06179 0.99805
1633434404 3.28366 59.32163 -1.29271 0.00012 -0.00757 0.07124 0.99743
1633434404 3.62992 57.79745 -1.30321 0.00030 -0.00693 0.07895 0.99685
1633434404 3.99632 56.31139 -1.32725 0.00022 -0.00648 0.08572 0.99630
1633434405 4.55799 54.18493 -1.34902 -0.00070 -0.00578 0.09228 0.99572
1633434405 5.07012 52.27998 -1.36280 -0.00239 -0.00639 0.09426 0.99552
1633434406 5.70071 49.81220 -1.37247 -0.00106 -0.00520 0.09264 0.99569
1633434407 6.26910 47.54212 -1.35799 -0.00237 -0.00489 0.08749 0.99615
1633434407 6.60642 46.10809 -1.34114 -0.00480 -0.00452 0.08181 0.99663
1633434407 7.04712 44.14748 -1.31730 -0.00497 -0.00483 0.07490 0.99717
1633434408 7.41606 42.23016 -1.29902 -0.00339 -0.00670 0.06817 0.99765
1633434408 7.66365 40.85242 -1.27063 -0.00556 -0.00601 0.06305 0.99798
1633434408 7.84131 39.55170 -1.23249 -0.00503 -0.00561 0.05714 0.99834
1633434409 8.05382 38.14875 -1.20006 -0.00508 -0.00522 0.05123 0.99866
1633434409 8.22961 36.80416 -1.19143 -0.00380 -0.00761 0.04494 0.99895
1633434409 8.42008 35.36898 -1.18395 -0.00372 -0.00819 0.03772 0.99925
1633434409 8.50385 34.15564 -1.16322 -0.00309 -0.01023 0.03117 0.99946
1633434410 8.65969 32.41430 -1.15474 -0.00114 -0.00884 0.02215 0.99971
1633434410 8.77791 30.71261 -1.13698 -0.00016 -0.00865 0.01405 0.99986
1633434411 8.83342 29.54849 -1.12410 0.00001 -0.00857 0.00787 0.99993
1633434411 8.86042 28.15549 -1.11081 -0.00002 -0.00893 0.00104 0.99996
1633434411 8.89827 26.75880 -1.11031 -0.00027 -0.00964 -0.00541 0.99994
1633434412 8.88700 25.27188 -1.08706 -0.00151 -0.01020 -0.01337 0.99986
1633434412 8.85335 23.86951 -1.05075 -0.00130 -0.01017 -0.02083 0.99973
1633434413 8.84430 22.35628 -1.00536 -0.00134 -0.00968 -0.02922 0.99953
1633434413 8.82915 20.99726 -0.97230 -0.00152 -0.01025 -0.03646 0.99928
1633434414 8.79119 19.64131 -0.92250 -0.00184 -0.00972 -0.04573 0.99890
1633434414 8.72464 18.37805 -0.87302 -0.00239 -0.01009 -0.05569 0.99839
1633434415 8.64895 17.39939 -0.82023 -0.00315 -0.00979 -0.06381 0.99791
1633434415 8.55998 16.38581 -0.77989 -0.00302 -0.00918 -0.07216 0.99735
1633434415 8.44316 15.22039 -0.76573 -0.00277 -0.00934 -0.08159 0.99662
1633434416 8.34697 14.49349 -0.76032 -0.00285 -0.00882 -0.08928 0.99596
1633434416 8.24655 13.83271 -0.74085 -0.00297 -0.00800 -0.09709 0.99524
1633434416 8.13293 13.25005 -0.72767 -0.00271 -0.00757 -0.10487 0.99445
1633434417 7.99549 12.52080 -0.71003 -0.00398 -0.00763 -0.11266 0.99360
1633434417 7.84870 11.84280 -0.69235 -0.00334 -0.00681 -0.12131 0.99259
1633434417 7.69407 11.13835 -0.68145 -0.00416 -0.00614 -0.13009 0.99148
1633434418 7.51344 10.37117 -0.67012 -0.00413 -0.00579 -0.13890 0.99028
1633434418 7.33613 9.73452 -0.65572 -0.00478 -0.00578 -0.14680 0.98914
1633434418 7.14828 9.07815 -0.64076 -0.00451 -0.00518 -0.15310 0.98819
1633434419 6.87245 8.11800 -0.62089 -0.00432 -0.00407 -0.15965 0.98716
1633434419 6.58817 7.19028 -0.60669 -0.00380 -0.00358 -0.16511 0.98626
1633434419 6.28297 6.19108 -0.58888 -0.00314 -0.00212 -0.16957 0.98551
1633434420 5.98833 5.23724 -0.56610 -0.00247 -0.00105 -0.17354 0.98482
1633434420 5.73022 4.44480 -0.55862 -0.00168 -0.00015 -0.17776 0.98407
1633434421 5.42685 3.48983 -0.53729 -0.00082 0.00151 -0.18384 0.98296
1633434421 5.23862 2.95447 -0.52563 -0.00027 0.00274 -0.19037 0.98171
1633434421 4.90480 1.98812 -0.51168 0.00051 0.00401 -0.19906 0.97998
1633434421 4.69954 1.43899 -0.50341 0.00090 0.00488 -0.20608 0.97852
1633434422 4.45370 0.80956 -0.49318 0.00125 0.00555 -0.21452 0.97670
1633434422 4.19656 0.18541 -0.48435 0.00157 0.00604 -0.22399 0.97457
1633434422 3.91836 -0.44427 -0.47650 0.00183 0.00627 -0.23455 0.97208
1633434422 3.66616 -0.95306 -0.46796 0.00174 0.00651 -0.24600 0.96925
1633434422 3.39927 -1.45852 -0.45965 0.00161 0.00676 -0.25825 0.96605
1633434423 3.13814 -1.90998 -0.45064 0.00184 0.00705 -0.27090 0.96258
1633434423 2.87366 -2.32792 -0.44132 0.00174 0.00696 -0.28368 0.95889
1633434423 2.61169 -2.72079 -0.43386 0.00167 0.00719 -0.29657 0.95498
1633434423 2.32553 -3.13325 -0.42510 0.00200 0.00740 -0.30963 0.95083
1633434423 2.04406 -3.48930 -0.41790 0.00305 0.00721 -0.32420 0.94596
1633434424 1.77412 -3.83965 -0.40948 0.00276 0.00554 -0.33603 0.94183
1633434424 1.51193 -4.16253 -0.40097 0.00161 0.00433 -0.34472 0.93870
1633434424 1.25278 -4.46709 -0.39509 0.00058 0.00411 -0.35356 0.93540
1633434424 1.00227 -4.75261 -0.38668 0.00011 0.00380 -0.36015 0.93289
1633434424 0.62998 -5.17181 -0.37857 -0.00019 0.00361 -0.36793 0.92984
1633434425 0.28285 -5.53875 -0.36949 -0.00067 0.00300 -0.37575 0.92672
1633434425 -0.05288 -5.87619 -0.36100 -0.00131 0.00179 -0.38149 0.92437
1633434425 -0.44708 -6.27868 -0.35293 -0.00137 0.00108 -0.38711 0.92203
1633434426 -0.86847 -6.68974 -0.33312 -0.00176 0.00059 -0.39238 0.91980
1633434427 -1.37020 -7.20081 -0.30870 -0.00232 -0.00097 -0.39657 0.91800
1633434427 -1.81589 -7.63326 -0.29258 -0.00195 -0.00342 -0.39981 0.91659
1633434428 -1.86591 -7.68270 -0.25029 -0.00330 -0.00300 -0.39913 0.91688
