1633433987 0.45471 -2.17345 0.01855 0.00094 -0.02385 -0.10675 0.99400
1633433988 0.40750 -2.45931 0.03139 0.00397 -0.02785 -0.11466 0.99301
1633433988 0.44204 -2.51880 0.03542 0.00403 -0.03076 -0.12247 0.99199
1633433989 0.41161 -2.79192 0.02933 0.00922 -0.03056 -0.13007 0.99099
1633433989 0.38203 -3.09453 0.01841 0.01274 -0.02524 -0.13801 0.99003
1633433989 0.36832 -3.25752 0.01958 0.01235 -0.01951 -0.14572 0.98906
1633433990 0.34650 -3.47772 0.02422 0.01214 -0.01451 -0.15351 0.98797
1633433990 0.29563 -3.74983 0.02279 0.01195 -0.01312 -0.16116 0.98677
1633433991 0.24485 -4.01083 0.02115 0.01087 -0.01285 -0.16853 0.98555
1633433991 0.18510 -4.29901 0.02727 0.01119 -0.01395 -0.17650 0.98414
1633433992 0.12715 -4.61197 0.03349 0.01069 -0.01489 -0.18295 0.98295
1633433992 0.06543 -4.95161 0.04035 0.01099 -0.01509 -0.18816 0.98196
1633433993 -0.02582 -5.34684 0.06074 0.01078 -0.01834 -0.19203 0.98116
1633433995 -0.35046 -6.13324 0.08238 0.01062 -0.02224 -0.19376 0.98074
1633433996 -0.75856 -6.97923 0.11832 0.01048 -0.02277 -0.19329 0.98082
1633433997 -0.92805 -7.10394 0.15003 0.01228 -0.02390 -0.19269 0.98089
1633433997 -0.96531 -7.07964 0.17332 0.00964 -0.02227 -0.19311 0.98088
1633434011 -6.52158 -7.72681 -0.57542 -0.01182 -0.00823 -0.03314 0.99935
1633434011 -4.04621 -7.62846 -0.47259 -0.00500 -0.00700 -0.12687 0.99188
1633434012 -3.62202 -8.06381 -0.23261 -0.00001 -0.00870 -0.14980 0.98868
1633434012 -3.61195 -8.46033 -0.17554 -0.00026 -0.00992 -0.16082 0.98693
1633434013 -3.66793 -8.96837 -0.16492 0.00042 -0.00766 -0.17273 0.98494
1633434013 -3.78039 -9.30758 -0.14961 0.00205 -0.00893 -0.18131 0.98338
1633434013 -3.80788 -9.71177 -0.16996 0.00070 -0.00940 -0.19296 0.98116
1633434013 -3.88717 -10.13566 -0.17617 0.00040 -0.00716 -0.20522 0.97869
1633434014 -3.95228 -10.45840 -0.18652 0.00164 -0.00652 -0.21378 0.97686
1633434014 -4.13695 -10.93431 -0.14669 0.00484 -0.00827 -0.22345 0.97467
1633434014 -4.28494 -11.36225 -0.14563 0.00376 -0.00862 -0.23299 0.97243
1633434014 -4.43035 -11.68757 -0.16644 0.00385 -0.00850 -0.23885 0.97101
1633434015 -4.62369 -12.12343 -0.16689 0.00469 -0.00860 -0.24709 0.96894
1633434015 -4.78689 -12.53450 -0.17762 0.00398 -0.00851 -0.25503 0.96689
1633434015 -5.00660 -13.00003 -0.17843 0.00283 -0.00972 -0.26254 0.96487
1633434016 -5.21495 -13.46408 -0.17442 0.00119 -0.00902 -0.27025 0.96275
1633434016 -5.45888 -13.95290 -0.17366 -0.00011 -0.00812 -0.27760 0.96066
1633434016 -5.74267 -14.48218 -0.17446 -0.00239 -0.00744 -0.28443 0.95866
1633434017 -6.08311 -15.02526 -0.15919 -0.00274 -0.00850 -0.28946 0.95715
1633434017 -6.43168 -15.52867 -0.13438 -0.00340 -0.01079 -0.29466 0.95554
1633434017 -6.75285 -16.00914 -0.11166 -0.00403 -0.01320 -0.29937 0.95404
1633434017 -7.10317 -16.53851 -0.09328 -0.00371 -0.01275 -0.30388 0.95262
1633434018 -7.47730 -17.10365 -0.06702 -0.00258 -0.01459 -0.30734 0.95148
1633434018 -7.89737 -17.73924 -0.05100 -0.00021 -0.01445 -0.31100 0.95030
1633434018 -8.30961 -18.37252 -0.06703 0.00200 -0.01709 -0.31411 0.94923
1633434019 -8.67005 -18.93124 -0.07733 0.00173 -0.01550 -0.31713 0.94825
1633434019 -9.00615 -19.43868 -0.09107 0.00018 -0.01604 -0.31947 0.94746
1633434019 -9.32407 -19.92940 -0.10043 -0.00054 -0.01540 -0.32212 0.94657
1633434020 -9.61483 -20.36552 -0.11453 -0.00365 -0.01594 -0.32525 0.94549
1633434020 -9.79099 -20.62396 -0.11851 -0.00507 -0.01508 -0.32772 0.94464
1633434020 -10.12747 -21.10593 -0.11331 -0.00481 -0.01613 -0.33111 0.94344
1633434020 -10.46849 -21.58527 -0.10292 -0.00382 -0.01493 -0.33535 0.94197
1633434021 -10.84926 -22.10650 -0.09614 -0.00279 -0.01383 -0.34016 0.94026
1633434021 -11.27650 -22.67079 -0.08918 -0.00063 -0.01145 -0.34571 0.93827
1633434021 -11.66199 -23.12693 -0.07777 0.00095 -0.01043 -0.35178 0.93603
1633434022 -12.14314 -23.69659 -0.06753 0.00004 -0.00730 -0.35871 0.93342
1633434022 -12.51651 -24.14318 -0.05914 -0.00086 -0.00628 -0.36324 0.93168
1633434022 -12.92619 -24.62951 -0.05025 -0.00012 -0.00506 -0.36810 0.92977
1633434022 -13.42360 -25.21876 -0.04041 0.00049 -0.00399 -0.37299 0.92783
1633434022 -13.87809 -25.71352 -0.03345 0.00079 -0.00278 -0.37768 0.92593
1633434023 -14.37773 -26.26593 -0.02748 0.00115 -0.00151 -0.38227 0.92405
1633434023 -14.92062 -26.87325 -0.02171 0.00350 -0.00054 -0.38656 0.92226
1633434023 -15.69503 -27.68372 -0.01849 0.00769 0.00092 -0.39226 0.91982
1633434023 -16.47441 -28.47238 -0.01726 0.00975 0.00238 -0.39760 0.91750
1633434024 -17.21290 -29.17697 -0.02610 0.01103 0.00286 -0.40212 0.91552
1633434024 -18.03066 -29.97624 -0.03565 0.01211 0.00382 -0.40605 0.91376
1633434024 -18.84626 -30.76986 -0.04549 0.01389 0.00515 -0.40963 0.91213
1633434025 -19.67663 -31.56724 -0.05458 0.01393 0.00679 -0.41321 0.91050
1633434025 -20.51308 -32.37315 -0.06504 0.01417 0.00773 -0.41679 0.90886
1633434025 -21.34125 -33.16230 -0.07239 0.01485 0.00792 -0.42039 0.90719
1633434025 -22.09549 -33.85927 -0.07527 0.01395 0.00925 -0.42393 0.90554
1633434026 -22.92143 -34.64321 -0.08016 0.01452 0.00947 -0.42763 0.90379
1633434026 -23.71155 -35.38205 -0.08353 0.01647 0.00834 -0.43169 0.90183
1633434026 -24.54718 -36.16449 -0.09122 0.01589 0.00816 -0.43616 0.89969
1633434027 -25.33503 -36.86662 -0.09534 0.01599 0.00794 -0.44055 0.89755
1633434027 -26.13487 -37.57336 -0.09902 0.01797 0.00673 -0.44501 0.89532
1633434027 -26.92593 -38.25660 -0.10462 0.01782 0.00732 -0.44938 0.89313
1633434028 -27.79739 -39.00861 -0.11245 0.01716 0.00746 -0.45314 0.89124
1633434028 -28.58166 -39.67580 -0.10762 0.01688 0.00795 -0.45633 0.88961
1633434028 -29.26489 -40.23626 -0.09735 0.01834 0.00761 -0.45852 0.88846
1633434028 -30.04441 -40.88435 -0.11012 0.01890 0.00731 -0.46024 0.88756
1633434029 -30.83864 -41.54451 -0.13558 0.01916 0.00659 -0.46148 0.88692
1633434029 -31.60446 -42.18807 -0.13706 0.01879 0.00668 -0.46204 0.88663
1633434029 -32.33624 -42.80646 -0.15773 0.02014 0.00424 -0.46157 0.88687
1633434030 -33.11749 -43.48621 -0.18745 0.02096 0.00285 -0.46108 0.88711
1633434030 -33.85745 -44.14090 -0.19652 0.02056 0.00306 -0.46029 0.88753
1633434030 -34.64797 -44.84963 -0.21503 0.01989 0.00231 -0.45929 0.88806
1633434031 -35.57510 -45.69042 -0.24028 0.01921 0.00097 -0.45811 0.88869
1633434031 -36.63142 -46.66067 -0.27376 0.01837 -0.00023 -0.45668 0.88944
1633434031 -37.73154 -47.67873 -0.29736 0.01831 -0.00082 -0.45516 0.89022
1633434031 -38.93146 -48.78973 -0.32622 0.01801 -0.00204 -0.45375 0.89094
1633434032 -40.21126 -49.96996 -0.35475 0.01727 -0.00360 -0.45245 0.89162
1633434032 -41.51320 -51.16949 -0.38451 0.01766 -0.00520 -0.45101 0.89233
1633434032 -42.88498 -52.42204 -0.41880 0.01891 -0.00617 -0.44968 0.89297
1633434033 -44.26842 -53.68306 -0.45391 0.01917 -0.00667 -0.44830 0.89365
1633434033 -45.68078 -54.96728 -0.48693 0.01908 -0.00752 -0.44674 0.89443
1633434033 -47.08504 -56.24260 -0.52505 0.01980 -0.00871 -0.44545 0.89505
1633434034 -48.48935 -57.52470 -0.56111 0.02008 -0.00936 -0.44426 0.89563
1633434034 -49.87362 -58.79522 -0.59423 0.01993 -0.00995 -0.44318 0.89616
1633434034 -51.30030 -60.09588 -0.62935 0.01994 -0.01066 -0.44240 0.89653
1633434034 -52.73151 -61.39512 -0.66462 0.01969 -0.01134 -0.44181 0.89682
1633434035 -54.21147 -62.74249 -0.69752 0.01955 -0.01208 -0.44136 0.89703
1633434035 -55.69649 -64.08085 -0.73139 0.01906 -0.01254 -0.44119 0.89713
1633434035 -57.19099 -65.42040 -0.76588 0.01867 -0.01299 -0.44103 0.89720
1633434036 -58.68337 -66.75966 -0.79692 0.01809 -0.01339 -0.44095 0.89725
1633434036 -60.19598 -68.10572 -0.83035 0.01819 -0.01408 -0.44106 0.89718
1633434036 -61.70353 -69.44376 -0.86212 0.01816 -0.01432 -0.44137 0.89703
1633434037 -63.22996 -70.78765 -0.89743 0.01848 -0.01459 -0.44169 0.89686
1633434037 -64.73490 -72.10823 -0.93275 0.01885 -0.01477 -0.44199 0.89670
1633434037 -66.26541 -73.44461 -0.97036 0.01903 -0.01491 -0.44245 0.89647
1633434037 -67.77638 -74.76010 -1.00795 0.01891 -0.01485 -0.44273 0.89633
1633434038 -69.80417 -76.51580 -1.06243 0.01921 -0.01488 -0.44297 0.89621
1633434038 -71.35553 -77.84887 -1.10253 0.01809 -0.01462 -0.44305 0.89620
1633434038 -72.89658 -79.17093 -1.13816 0.01671 -0.01440 -0.44315 0.89617
1633434039 -74.47462 -80.52084 -1.17274 0.01599 -0.01470 -0.44338 0.89607
1633434039 -76.02804 -81.84179 -1.20553 0.01562 -0.01505 -0.44362 0.89595
1633434039 -78.15720 -83.65593 -1.25076 0.01559 -0.01565 -0.44398 0.89577
1633434040 -80.30660 -85.47311 -1.29596 0.01552 -0.01570 -0.44437 0.89557
1633434040 -82.46852 -87.29129 -1.34363 0.01555 -0.01562 -0.44440 0.89556
1633434041 -84.62149 -89.08449 -1.38984 0.01542 -0.01571 -0.44396 0.89578
1633434041 -86.79252 -90.89458 -1.43582 0.01495 -0.01575 -0.44350 0.89601
1633434041 -88.92489 -92.66798 -1.47896 0.01455 -0.01634 -0.44313 0.89619
1633434042 -91.61505 -94.89952 -1.53267 0.01392 -0.01673 -0.44298 0.89627
1633434042 -93.79339 -96.71655 -1.57495 0.01418 -0.01648 -0.44304 0.89624
1633434043 -95.97005 -98.53862 -1.61553 0.01373 -0.01549 -0.44279 0.89639
1633434043 -98.18187 -100.37699 -1.65855 0.01447 -0.01515 -0.44234 0.89660
1633434044 -100.36378 -102.19479 -1.70180 0.01478 -0.01488 -0.44185 0.89685
1633434044 -102.54993 -104.03080 -1.74566 0.01446 -0.01507 -0.44157 0.89698
1633434044 -104.72801 -105.86225 -1.79059 0.01471 -0.01541 -0.44137 0.89707
1633434045 -107.52721 -108.19721 -1.84957 0.01417 -0.01477 -0.44101 0.89727
1633434045 -109.78913 -110.10266 -1.89760 0.01468 -0.01477 -0.44071 0.89741
1633434046 -112.71819 -112.54104 -1.96070 0.01360 -0.01465 -0.44031 0.89762
1633434046 -116.86128 -115.95217 -2.04736 0.01362 -0.01534 -0.43997 0.89778
1633434047 -119.84571 -118.42928 -2.10717 0.01400 -0.01595 -0.44003 0.89773
1633434047 -122.87273 -120.93347 -2.17409 0.01384 -0.01597 -0.43983 0.89783
1633434048 -125.23818 -122.93484 -2.21831 0.01289 -0.01578 -0.43947 0.89802
1633434048 -127.55526 -124.89853 -2.25752 0.01205 -0.01615 -0.43933 0.89810
1633434049 -129.75280 -126.78320 -2.29301 0.01274 -0.01723 -0.43988 0.89780
1633434049 -132.65088 -129.19094 -2.34363 0.01302 -0.01693 -0.44068 0.89741
1633434050 -135.35303 -131.49191 -2.39062 0.01398 -0.01538 -0.44142 0.89706
1633434050 -138.12395 -133.81889 -2.44177 0.01499 -0.01524 -0.44250 0.89651
1633434051 -140.51682 -135.80357 -2.49083 0.01504 -0.01450 -0.44314 0.89621
1633434051 -144.07885 -138.71484 -2.56217 0.01546 -0.01379 -0.44389 0.89584
1633434052 -147.05629 -141.15225 -2.62048 0.01504 -0.01454 -0.44407 0.89575
1633434052 -150.00470 -143.59196 -2.67967 0.01473 -0.01470 -0.44415 0.89571
1633434053 -152.88865 -145.97218 -2.74220 0.01529 -0.01527 -0.44408 0.89572
1633434053 -155.72045 -148.31931 -2.80735 0.01507 -0.01542 -0.44412 0.89571
1633434054 -157.84760 -150.13125 -2.84386 0.01401 -0.01512 -0.44415 0.89571
1633434054 -160.82993 -152.57639 -2.90929 0.01441 -0.01507 -0.44418 0.89570
1633434054 -163.05698 -154.45112 -2.95293 0.01468 -0.01508 -0.44439 0.89559
1633434055 -164.92338 -156.05900 -2.98585 0.01466 -0.01472 -0.44476 0.89541
1633434055 -167.00966 -157.80788 -3.02555 0.01471 -0.01381 -0.44515 0.89523
1633434056 -169.07233 -159.53803 -3.06285 0.01495 -0.01301 -0.44565 0.89499
1633434056 -170.65194 -160.88040 -3.09135 0.01466 -0.01246 -0.44628 0.89469
1633434056 -172.78033 -162.64980 -3.12998 0.01466 -0.01231 -0.44769 0.89398
1633434057 -175.04570 -164.49617 -3.17081 0.01443 -0.01193 -0.44945 0.89311
1633434057 -177.16038 -166.22380 -3.20501 0.01508 -0.01177 -0.45197 0.89183
1633434057 -178.97859 -167.64765 -3.24423 0.01549 -0.01135 -0.45394 0.89082
1633434058 -181.24709 -169.43665 -3.28887 0.01686 -0.01076 -0.45654 0.88948
1633434058 -182.94123 -170.75696 -3.32733 0.01892 -0.01055 -0.45930 0.88802
1633434058 -184.62050 -172.05541 -3.36625 0.01976 -0.00941 -0.46253 0.88633
1633434059 -186.97855 -173.81559 -3.41252 0.01780 -0.00740 -0.46782 0.88361
1633434059 -188.12236 -174.69620 -3.44149 0.01535 -0.00563 -0.47109 0.88193
1633434059 -189.32866 -175.59527 -3.45920 0.01518 -0.00445 -0.47426 0.88024
1633434060 -191.24835 -176.96423 -3.48686 0.01633 -0.00360 -0.47989 0.87717
1633434060 -192.49638 -177.83458 -3.50526 0.01777 -0.00420 -0.48365 0.87507
1633434060 -194.36069 -179.12055 -3.53521 0.01906 -0.00455 -0.48843 0.87239
1633434060 -196.88106 -180.78856 -3.58057 0.01983 -0.00463 -0.49502 0.86864
1633434061 -198.73973 -181.99239 -3.61410 0.01774 -0.00432 -0.50014 0.86575
1633434061 -201.17716 -183.51691 -3.65585 0.01731 -0.00623 -0.50705 0.86172
1633434062 -202.98999 -184.60572 -3.67286 0.01614 -0.00704 -0.51243 0.85855
1633434062 -205.33485 -185.97799 -3.71922 0.01731 -0.00909 -0.51884 0.85465
1633434062 -207.06914 -186.96203 -3.74808 0.02003 -0.01031 -0.52453 0.85109
1633434063 -208.73609 -187.88163 -3.80346 0.02174 -0.01299 -0.53081 0.84711
1633434063 -210.37525 -188.76202 -3.84557 0.02094 -0.01430 -0.53741 0.84294
1633434063 -212.09866 -189.66148 -3.89084 0.01838 -0.01518 -0.54335 0.83917
1633434063 -213.84252 -190.54430 -3.93181 0.01653 -0.01383 -0.54936 0.83531
1633434064 -214.94692 -191.08728 -3.95948 0.01555 -0.01318 -0.55325 0.83276
1633434064 -216.60529 -191.88477 -3.99568 0.01573 -0.01258 -0.55949 0.82859
1633434064 -218.31000 -192.67728 -4.02590 0.01548 -0.01323 -0.56559 0.82443
1633434064 -219.97922 -193.42736 -4.05868 0.01417 -0.01363 -0.57177 0.82018
1633434065 -221.64687 -194.14533 -4.09134 0.01330 -0.01403 -0.57777 0.81597
1633434065 -223.24215 -194.79323 -4.12104 0.01405 -0.01442 -0.58355 0.81183
1633434065 -224.84457 -195.42260 -4.14000 0.01498 -0.01463 -0.58940 0.80757
1633434066 -226.46310 -196.04482 -4.15983 0.01346 -0.01348 -0.59538 0.80322
1633434066 -228.13474 -196.63986 -4.16955 0.01034 -0.01232 -0.60134 0.79883
1633434066 -229.71020 -197.20331 -4.19894 0.01016 -0.01252 -0.60690 0.79461
1633434067 -231.33200 -197.74421 -4.21925 0.01131 -0.01332 -0.61190 0.79075
1633434067 -232.94362 -198.23796 -4.22790 0.01151 -0.01272 -0.61689 0.78686
1633434067 -234.54742 -198.75407 -4.26396 0.01354 -0.01377 -0.62132 0.78332
1633434067 -236.16885 -199.23705 -4.29325 0.01565 -0.01523 -0.62537 0.78002
1633434068 -238.40377 -199.88648 -4.33731 0.01505 -0.01612 -0.63105 0.77543
1633434068 -240.07587 -200.33665 -4.37307 0.01408 -0.01654 -0.63577 0.77157
1633434069 -241.70936 -200.74509 -4.40297 0.01388 -0.01678 -0.64001 0.76806
1633434069 -243.96702 -201.32231 -4.43715 0.01302 -0.01596 -0.64241 0.76609
1633434069 -246.20563 -201.91375 -4.47100 0.00914 -0.01274 -0.63784 0.77001
1633434070 -248.43611 -202.52121 -4.49493 0.01327 -0.01211 -0.63761 0.77015
1633434070 -250.08876 -202.94819 -4.51598 0.01312 -0.01400 -0.63888 0.76907
1633434070 -252.31882 -203.51722 -4.54676 0.01133 -0.01339 -0.64263 0.76598
1633434071 -254.57831 -204.05567 -4.57911 0.01272 -0.01180 -0.64724 0.76209
1633434071 -256.26785 -204.41857 -4.59256 0.01409 -0.01154 -0.65175 0.75822
1633434071 -257.91608 -204.76012 -4.61768 0.01409 -0.01075 -0.65674 0.75391
1633434072 -259.60166 -205.09428 -4.63668 0.01173 -0.00882 -0.66250 0.74892
1633434072 -261.32102 -205.42343 -4.65215 0.01029 -0.00711 -0.66906 0.74310
1633434072 -262.45379 -205.63834 -4.66175 0.01053 -0.00684 -0.67387 0.73875
1633434072 -263.65112 -205.83295 -4.67197 0.01024 -0.00733 -0.67845 0.73454
1633434073 -264.82789 -206.00354 -4.67686 0.01095 -0.00792 -0.68332 0.72999
1633434073 -265.96128 -206.15621 -4.68383 0.01208 -0.00839 -0.68819 0.72538
1633434073 -267.11602 -206.30164 -4.69728 0.01295 -0.00893 -0.69310 0.72067
1633434073 -268.88185 -206.50286 -4.72034 0.01509 -0.00954 -0.70034 0.71359
1633434074 -270.64729 -206.68173 -4.74421 0.01792 -0.01025 -0.70773 0.70619
1633434074 -272.42252 -206.83042 -4.77028 0.01929 -0.01028 -0.71540 0.69838
1633434074 -274.19753 -206.93920 -4.79618 0.01827 -0.00913 -0.72353 0.68999
1633434074 -275.35387 -206.98539 -4.82129 0.01725 -0.00847 -0.72899 0.68425
1633434075 -276.46574 -207.00962 -4.83854 0.01623 -0.00912 -0.73374 0.67918
1633434075 -277.57562 -207.02020 -4.85258 0.01578 -0.00899 -0.73842 0.67409
1633434075 -278.62572 -207.01970 -4.86761 0.01460 -0.00907 -0.74276 0.66933
1633434075 -280.23792 -207.00291 -4.88641 0.01376 -0.00707 -0.74875 0.66267
1633434076 -281.88882 -206.95901 -4.89720 0.01239 -0.00302 -0.75398 0.65677
1633434076 -283.54242 -206.89567 -4.91141 0.01323 -0.00246 -0.75917 0.65076
1633434076 -285.19621 -206.80563 -4.91514 0.01508 -0.00451 -0.76450 0.64443
1633434076 -286.30569 -206.73308 -4.91682 0.01517 -0.00633 -0.76828 0.63990
1633434077 -287.39067 -206.64581 -4.92226 0.01469 -0.00745 -0.77181 0.63565
1633434077 -289.02215 -206.49657 -4.93530 0.01309 -0.00801 -0.77666 0.62973
1633434077 -290.65166 -206.32093 -4.94885 0.01260 -0.00923 -0.78151 0.62370
1633434078 -292.26407 -206.12386 -4.95525 0.01237 -0.00924 -0.78613 0.61786
1633434078 -293.91407 -205.89659 -4.96575 0.01207 -0.00833 -0.79062 0.61213
1633434078 -295.58046 -205.63408 -4.97458 0.01189 -0.00718 -0.79498 0.60648
1633434078 -297.30287 -205.35595 -4.98728 0.01065 -0.00753 -0.79904 0.60114
1633434079 -299.05820 -205.04933 -4.99927 0.01046 -0.00757 -0.80301 0.59583
1633434079 -300.79300 -204.70867 -5.01115 0.00989 -0.00799 -0.80692 0.59053
1633434079 -302.48054 -204.34127 -5.01405 0.00953 -0.00643 -0.81069 0.58537
1633434080 -304.15913 -203.92050 -5.01163 0.00800 -0.00543 -0.81423 0.58046
1633434080 -305.86396 -203.47281 -5.01043 0.00878 -0.00633 -0.81795 0.57519
1633434080 -307.55538 -202.99838 -5.00734 0.00890 -0.00862 -0.82155 0.57000
1633434081 -309.25087 -202.49392 -5.00621 0.00796 -0.00805 -0.82502 0.56499
1633434081 -310.95285 -201.95431 -5.00554 0.00626 -0.00717 -0.82856 0.55981
1633434081 -312.66698 -201.39088 -5.00120 0.00692 -0.00695 -0.83239 0.55410
1633434081 -313.78039 -200.99085 -4.99955 0.00697 -0.00793 -0.83480 0.55045
1633434082 -314.92607 -200.58102 -5.00315 0.00710 -0.00841 -0.83687 0.54729
1633434082 -316.69787 -199.95607 -5.01058 0.00625 -0.00843 -0.84018 0.54220
1633434082 -318.48712 -199.29203 -5.01616 0.00708 -0.00739 -0.84346 0.53709
1633434082 -320.31180 -198.60986 -5.02438 0.00712 -0.00770 -0.84668 0.53200
1633434083 -322.16175 -197.87580 -5.03414 0.00588 -0.00758 -0.84994 0.52679
1633434083 -323.98961 -197.10909 -5.03597 0.00529 -0.00791 -0.85323 0.52146
1633434083 -325.18825 -196.56248 -5.03278 0.00479 -0.00868 -0.85549 0.51772
1633434083 -326.38065 -196.00633 -5.03105 0.00469 -0.00888 -0.85776 0.51395
1633434084 -327.54318 -195.45669 -5.03526 0.00456 -0.00883 -0.86007 0.51009
1633434084 -328.66165 -194.89703 -5.03832 0.00386 -0.00897 -0.86227 0.50636
1633434084 -329.81190 -194.31588 -5.03501 0.00425 -0.00840 -0.86454 0.50248
1633434084 -330.98398 -193.72226 -5.04297 -0.00312 0.00817 0.86683 -0.49854
1633434084 -332.15960 -193.11984 -5.04622 -0.00359 0.00783 0.86912 -0.49453
1633434085 -333.35167 -192.49415 -5.05038 -0.00353 0.00781 0.87147 -0.49038
1633434085 -334.54776 -191.86239 -5.05396 -0.00319 0.00784 0.87349 -0.48677
1633434085 -335.74194 -191.22069 -5.05980 -0.00330 0.00716 0.87556 -0.48305
1633434085 -336.94667 -190.55569 -5.06402 -0.00262 0.00708 0.87743 -0.47964
1633434085 -338.12641 -189.89627 -5.06650 -0.00369 0.00682 0.87930 -0.47620
1633434086 -339.90926 -188.87972 -5.07187 -0.00378 0.00792 0.88192 -0.47131
1633434086 -341.69391 -187.84079 -5.07566 -0.00445 0.00743 0.88444 -0.46657
1633434086 -343.47082 -186.77149 -5.08159 -0.00420 0.00678 0.88667 -0.46234
1633434087 -345.23715 -185.68212 -5.08551 -0.00446 0.00733 0.88898 -0.45786
1633434087 -346.99533 -184.57451 -5.09328 -0.00480 0.00737 0.89086 -0.45419
1633434087 -348.73547 -183.45617 -5.09959 -0.00503 0.00676 0.89247 -0.45102
1633434088 -350.46128 -182.32100 -5.10149 -0.00433 0.00585 0.89392 -0.44817
1633434088 -352.16383 -181.18307 -5.10444 -0.00565 0.00666 0.89515 -0.44568
1633434088 -353.81785 -180.06321 -5.11333 -0.00639 0.00686 0.89639 -0.44316
1633434088 -355.49628 -178.90253 -5.11677 -0.00583 0.00651 0.89755 -0.44083
1633434089 -357.18399 -177.71817 -5.11759 -0.00562 0.00594 0.89847 -0.43895
1633434089 -358.86182 -176.52862 -5.12224 -0.00620 0.00523 0.89948 -0.43688
1633434089 -360.53038 -175.35053 -5.12786 -0.00610 0.00466 0.90048 -0.43484
1633434090 -362.21754 -174.13127 -5.12974 -0.00648 0.00496 0.90134 -0.43304
1633434090 -363.89879 -172.91000 -5.13193 -0.00734 0.00634 0.90217 -0.43128
1633434090 -365.57698 -171.68375 -5.14060 -0.00788 0.00749 0.90295 -0.42960
1633434091 -367.24403 -170.46426 -5.15689 -0.00812 0.00639 0.90353 -0.42839
1633434091 -368.94333 -169.18775 -5.16454 -0.00803 0.00576 0.90398 -0.42747
1633434091 -370.60841 -167.95821 -5.17134 -0.00722 0.00501 0.90441 -0.42658
1633434091 -372.28439 -166.70797 -5.17852 -0.00713 0.00450 0.90491 -0.42552
1633434092 -373.95988 -165.45518 -5.18563 -0.00697 0.00576 0.90540 -0.42447
1633434092 -375.61032 -164.20998 -5.19309 -0.00614 0.00623 0.90588 -0.42344
1633434092 -377.25551 -162.96408 -5.20449 -0.00695 0.00647 0.90629 -0.42255
1633434093 -378.88389 -161.73194 -5.21482 -0.00698 0.00535 0.90658 -0.42194
1633434093 -380.48921 -160.52965 -5.22351 -0.00650 0.00420 0.90691 -0.42124
1633434093 -382.07414 -159.34266 -5.22450 -0.00676 0.00364 0.90729 -0.42043
1633434094 -383.64045 -158.17135 -5.22579 -0.00610 0.00296 0.90757 -0.41985
1633434094 -385.20497 -156.99066 -5.22306 -0.00655 0.00438 0.90785 -0.41922
1633434094 -386.77879 -155.79355 -5.22798 -0.00798 0.00545 0.90820 -0.41842
1633434094 -388.32843 -154.61112 -5.23892 -0.00801 0.00582 0.90844 -0.41791
1633434095 -389.83973 -153.46323 -5.24995 -0.00825 0.00651 0.90871 -0.41730
1633434095 -391.34409 -152.31502 -5.26022 -0.00810 0.00478 0.90908 -0.41652
1633434095 -392.79577 -151.21174 -5.26567 -0.00729 0.00406 0.90951 -0.41559
1633434096 -394.23741 -150.10552 -5.26554 -0.00689 0.00304 0.91021 -0.41407
1633434096 -395.65454 -149.01022 -5.26392 -0.00690 0.00250 0.91096 -0.41243
1633434096 -397.03332 -147.93216 -5.25835 -0.00655 0.00293 0.91178 -0.41061
1633434097 -398.37191 -146.87775 -5.25172 -0.00648 0.00189 0.91273 -0.40852
1633434097 -399.63532 -145.87341 -5.24447 -0.00626 0.00208 0.91409 -0.40546
1633434097 -400.88136 -144.86947 -5.23698 -0.00721 0.00296 0.91560 -0.40202
1633434097 -402.09720 -143.87534 -5.23009 -0.00680 0.00321 0.91716 -0.39845
1633434098 -403.31000 -142.86109 -5.22404 -0.00607 0.00240 0.91896 -0.39429
1633434098 -404.51482 -141.82784 -5.21887 -0.00630 0.00223 0.92085 -0.38986
1633434098 -405.67965 -140.81572 -5.20965 -0.00586 0.00173 0.92281 -0.38521
1633434099 -406.82436 -139.79771 -5.20336 -0.00642 0.00085 0.92502 -0.37986
1633434099 -407.89089 -138.82559 -5.18613 -0.00611 0.00081 0.92743 -0.37394
1633434099 -408.92833 -137.84775 -5.16723 -0.00632 0.00050 0.93003 -0.36742
1633434100 -410.31965 -136.48583 -5.15190 -0.00608 0.00047 0.93366 -0.35811
1633434100 -411.36059 -135.43301 -5.14045 -0.00653 0.00039 0.93650 -0.35059
1633434100 -412.38430 -134.36830 -5.12990 -0.00672 0.00125 0.93940 -0.34275
1633434101 -413.38845 -133.28533 -5.11592 -0.00741 0.00169 0.94243 -0.33432
1633434101 -414.36185 -132.19223 -5.10574 -0.00700 0.00185 0.94544 -0.32572
1633434101 -415.32651 -131.07084 -5.09430 -0.00764 0.00185 0.94847 -0.31677
1633434101 -415.94797 -130.31988 -5.08676 -0.00805 0.00171 0.95054 -0.31050
1633434102 -416.54085 -129.57712 -5.08535 -0.00787 0.00203 0.95259 -0.30415
1633434102 -417.11993 -128.82820 -5.08000 -0.00860 0.00185 0.95480 -0.29710
1633434102 -417.67650 -128.08625 -5.07565 -0.00832 0.00143 0.95685 -0.29045
1633434102 -418.22885 -127.32701 -5.07642 -0.00765 0.00148 0.95905 -0.28312
1633434102 -418.76402 -126.56502 -5.07517 -0.00801 0.00175 0.96124 -0.27560
1633434103 -419.26756 -125.81298 -5.07016 -0.00784 0.00256 0.96338 -0.26803
1633434103 -419.75935 -125.05572 -5.06898 -0.00719 0.00265 0.96552 -0.26021
1633434103 -420.24376 -124.28210 -5.06573 -0.00710 0.00300 0.96762 -0.25228
1633434103 -420.71101 -123.50689 -5.06293 -0.00701 0.00279 0.96973 -0.24406
1633434103 -421.16113 -122.72984 -5.06010 -0.00661 0.00264 0.97174 -0.23593
1633434104 -421.57397 -121.97017 -5.05662 -0.00584 0.00265 0.97371 -0.22772
1633434104 -421.98813 -121.19023 -5.04894 -0.00571 0.00216 0.97561 -0.21943
1633434104 -422.37491 -120.41995 -5.04158 -0.00544 0.00192 0.97748 -0.21093
1633434104 -422.74944 -119.64254 -5.03844 -0.00453 0.00219 0.97927 -0.20252
1633434104 -423.11099 -118.85891 -5.03503 -0.00446 0.00264 0.98100 -0.19395
1633434105 -423.45098 -118.08001 -5.02574 -0.00434 0.00268 0.98270 -0.18513
1633434105 -423.77614 -117.29665 -5.01695 -0.00363 0.00285 0.98427 -0.17658
1633434105 -424.08250 -116.51497 -5.01038 -0.00309 0.00315 0.98582 -0.16777
1633434105 -424.37812 -115.72597 -5.00590 -0.00286 0.00326 0.98723 -0.15925
1633434105 -424.65440 -114.93923 -4.99931 -0.00230 0.00367 0.98861 -0.15046
1633434106 -424.90759 -114.16299 -4.99126 -0.00151 0.00420 0.98991 -0.14160
1633434106 -425.15175 -113.37308 -4.98720 -0.00113 0.00432 0.99113 -0.13284
1633434106 -425.38260 -112.58253 -4.98297 -0.00099 0.00421 0.99225 -0.12416
1633434106 -425.59754 -111.79115 -4.98071 -0.00011 0.00429 0.99329 -0.11554
1633434106 -425.80072 -110.99089 -4.97775 0.00060 0.00403 0.99431 -0.10640
1633434107 -425.99015 -110.18687 -4.97502 0.00083 0.00328 0.99526 -0.09714
1633434107 -426.15933 -109.38747 -4.97151 0.00108 0.00307 0.99613 -0.08780
1633434107 -426.31427 -108.58746 -4.96907 0.00203 0.00318 0.99692 -0.07831
1633434107 -426.45349 -107.78224 -4.96578 0.00261 0.00359 0.99761 -0.06891
1633434107 -426.57756 -106.98633 -4.96264 0.00265 0.00386 0.99822 -0.05938
1633434108 -426.68735 -106.18281 -4.95875 0.00282 0.00423 0.99875 -0.04975
1633434108 -426.78336 -105.37406 -4.95603 0.00358 0.00432 0.99918 -0.04002
1633434108 -426.86226 -104.56678 -4.95349 0.00411 0.00406 0.99952 -0.03048
1633434108 -426.92100 -103.76515 -4.94844 0.00446 0.00398 0.99976 -0.02095
1633434108 -426.96477 -102.96294 -4.94303 0.00465 0.00356 0.99992 -0.01129
1633434109 -426.99332 -102.14832 -4.93929 0.00562 0.00351 0.99998 -0.00187
1633434109 -427.00667 -101.33943 -4.93592 0.00605 0.00365 0.99995 0.00751
1633434109 -427.00421 -100.52470 -4.93199 0.00610 0.00382 0.99983 0.01689
1633434109 -426.98887 -99.70238 -4.92736 0.00646 0.00411 0.99963 0.02616
1633434109 -426.95824 -98.88378 -4.92357 0.00703 0.00389 0.99935 0.03511
1633434110 -426.91236 -98.06142 -4.91815 0.00701 0.00349 0.99901 0.04387
1633434110 -426.85214 -97.22859 -4.91269 0.00679 0.00346 0.99859 0.05246
1633434110 -426.77860 -96.40638 -4.91009 0.00715 0.00351 0.99812 0.06077
1633434110 -426.69293 -95.57946 -4.90554 0.00769 0.00373 0.99759 0.06882
1633434110 -426.59332 -94.76064 -4.90241 0.00779 0.00380 0.99701 0.07679
1633434111 -426.47852 -93.93551 -4.89946 0.00775 0.00408 0.99637 0.08468
1633434111 -426.35238 -93.11362 -4.89614 0.00787 0.00341 0.99569 0.09233
1633434111 -426.21328 -92.28402 -4.89288 0.00767 0.00284 0.99497 0.09981
1633434111 -426.06174 -91.45531 -4.89119 0.00722 0.00264 0.99423 0.10702
1633434111 -425.89587 -90.62910 -4.88857 0.00705 0.00276 0.99349 0.11367
1633434112 -425.63049 -89.39227 -4.88226 0.00720 0.00279 0.99221 0.12437
1633434112 -425.33152 -88.14114 -4.87669 0.00660 0.00292 0.99087 0.13460
1633434112 -425.11859 -87.31243 -4.87531 0.00609 0.00289 0.98991 0.14152
1633434112 -424.77781 -86.07295 -4.87208 0.00592 0.00284 0.98847 0.15128
1633434113 -424.53411 -85.23330 -4.86933 0.00584 0.00273 0.98740 0.15811
1633434113 -424.28204 -84.38850 -4.86380 0.00493 0.00265 0.98631 0.16481
1633434113 -424.01461 -83.53835 -4.86106 0.00532 0.00211 0.98515 0.17159
1633434113 -423.73615 -82.68952 -4.85857 0.00515 0.00191 0.98395 0.17835
1633434113 -423.44419 -81.84017 -4.85764 0.00459 0.00194 0.98274 0.18494
1633434114 -423.13464 -80.98419 -4.85531 0.00423 0.00221 0.98142 0.19183
1633434114 -422.81449 -80.13134 -4.85363 0.00455 0.00236 0.98013 0.19828
1633434114 -422.48000 -79.26912 -4.85153 0.00400 0.00223 0.97877 0.20492
1633434114 -422.12832 -78.40378 -4.85011 0.00352 0.00226 0.97733 0.21166
1633434114 -421.76311 -77.53997 -4.84810 0.00340 0.00198 0.97585 0.21839
1633434115 -421.38510 -76.67584 -4.84571 0.00301 0.00181 0.97433 0.22510
1633434115 -420.99225 -75.80688 -4.84414 0.00246 0.00222 0.97273 0.23192
1633434115 -420.58190 -74.93932 -4.84276 0.00256 0.00259 0.97107 0.23877
1633434115 -420.16324 -74.07477 -4.84024 0.00264 0.00314 0.96936 0.24560
1633434115 -419.72778 -73.20704 -4.84024 0.00224 0.00328 0.96763 0.25234
1633434116 -419.28091 -72.34334 -4.84115 0.00207 0.00308 0.96581 0.25923
1633434116 -418.81625 -71.47494 -4.84210 0.00217 0.00317 0.96390 0.26624
1633434116 -418.33824 -70.61185 -4.84320 0.00216 0.00366 0.96191 0.27335
1633434116 -417.84353 -69.75126 -4.84359 0.00173 0.00413 0.95983 0.28056
1633434116 -417.33622 -68.89982 -4.84347 0.00195 0.00440 0.95777 0.28749
1633434117 -416.81656 -68.05303 -4.84566 0.00184 0.00448 0.95564 0.29449
1633434117 -416.28748 -67.21582 -4.84856 0.00108 0.00425 0.95344 0.30154
1633434117 -415.74610 -66.38346 -4.85144 0.00117 0.00415 0.95130 0.30825
1633434117 -415.19200 -65.55096 -4.85335 0.00091 0.00434 0.94913 0.31487
1633434117 -414.62685 -64.73273 -4.85280 0.00030 0.00455 0.94692 0.32145
1633434118 -414.05337 -63.92814 -4.85500 0.00054 0.00491 0.94470 0.32791
1633434118 -413.47269 -63.13747 -4.85843 0.00021 0.00546 0.94250 0.33417
1633434118 -412.88217 -62.35517 -4.85973 -0.00028 0.00614 0.94024 0.34045
1633434118 -412.28048 -61.57837 -4.86090 0.00003 0.00598 0.93815 0.34618
1633434118 -411.66877 -60.80684 -4.86232 -0.00037 0.00594 0.93615 0.35154
1633434119 -411.05004 -60.04071 -4.86237 -0.00135 0.00563 0.93411 0.35693
1633434119 -410.42500 -59.28748 -4.86342 -0.00195 0.00513 0.93210 0.36215
1633434119 -409.79335 -58.54359 -4.86502 -0.00217 0.00477 0.93031 0.36675
1633434119 -409.15612 -57.80349 -4.86373 -0.00306 0.00543 0.92832 0.37174
1633434119 -408.51029 -57.07181 -4.86358 -0.00369 0.00512 0.92638 0.37653
1633434120 -407.85450 -56.34632 -4.86199 -0.00380 0.00485 0.92460 0.38089
1633434120 -407.19478 -55.62576 -4.86197 -0.00462 0.00506 0.92275 0.38534
1633434120 -406.51958 -54.90202 -4.85866 -0.00517 0.00487 0.92094 0.38964
1633434120 -405.83513 -54.18144 -4.85455 -0.00520 0.00457 0.91922 0.39368
1633434120 -405.13875 -53.45837 -4.85093 -0.00605 0.00492 0.91743 0.39783
1633434121 -404.43313 -52.73914 -4.84650 -0.00661 0.00504 0.91562 0.40197
1633434121 -403.71544 -52.02283 -4.84203 -0.00707 0.00528 0.91393 0.40577
1633434121 -402.98486 -51.30549 -4.83955 -0.00815 0.00607 0.91228 0.40943
1633434121 -401.86291 -50.21835 -4.83602 -0.00857 0.00772 0.90972 0.41505
1633434122 -401.11887 -49.51380 -4.83393 -0.00898 0.00898 0.90816 0.41844
1633434122 -400.37655 -48.81771 -4.83303 -0.00928 0.00949 0.90658 0.42183
1633434122 -399.25461 -47.78196 -4.83036 -0.00910 0.00864 0.90443 0.42644
1633434122 -398.09119 -46.73090 -4.83124 -0.00990 0.00749 0.90229 0.43094
1633434123 -397.30313 -46.03588 -4.83006 -0.00950 0.00644 0.90091 0.43386
1633434123 -396.49589 -45.32978 -4.82824 -0.00989 0.00611 0.89972 0.43631
1633434123 -395.24209 -44.24669 -4.82521 -0.01022 0.00584 0.89798 0.43987
1633434123 -394.37405 -43.50862 -4.82237 -0.01029 0.00553 0.89706 0.44175
1633434123 -393.48589 -42.75959 -4.81867 -0.01070 0.00587 0.89600 0.44389
1633434124 -392.57922 -42.00102 -4.81423 -0.00983 0.00602 0.89499 0.44594
1633434124 -391.65491 -41.23241 -4.80909 -0.00991 0.00672 0.89408 0.44774
1633434124 -390.71308 -40.45408 -4.80591 -0.00990 0.00684 0.89319 0.44951
1633434124 -389.75450 -39.66883 -4.80091 -0.00929 0.00664 0.89247 0.45097
1633434124 -388.78877 -38.88002 -4.79708 -0.01004 0.00663 0.89174 0.45239
1633434125 -387.81575 -38.08699 -4.79408 -0.00948 0.00627 0.89103 0.45381
1633434125 -386.32446 -36.87609 -4.79029 -0.01021 0.00668 0.89006 0.45568
1633434125 -384.83492 -35.67523 -4.78423 -0.00975 0.00569 0.88927 0.45724
1633434126 -383.29852 -34.44446 -4.77878 -0.00957 0.00564 0.88850 0.45874
1633434126 -381.76681 -33.22567 -4.77350 -0.00904 0.00716 0.88791 0.45987
1633434126 -380.21064 -31.98726 -4.77007 -0.00825 0.00742 0.88754 0.46060
1633434126 -378.67653 -30.76474 -4.77022 -0.00894 0.00756 0.88744 0.46078
1633434127 -377.09816 -29.50959 -4.77052 -0.00844 0.00803 0.88766 0.46034
1633434127 -375.49962 -28.24115 -4.77044 -0.00729 0.00796 0.88793 0.45985
1633434127 -373.91364 -26.97312 -4.77329 -0.00753 0.00814 0.88829 0.45914
1633434128 -372.33374 -25.70843 -4.77300 -0.00756 0.00753 0.88882 0.45813
1633434128 -370.72391 -24.41731 -4.77253 -0.00707 0.00732 0.88935 0.45711
1633434128 -369.66295 -23.56306 -4.77196 -0.00760 0.00714 0.88974 0.45634
1633434128 -368.61171 -22.70700 -4.77280 -0.00722 0.00668 0.89007 0.45571
1633434129 -367.52062 -21.82741 -4.77131 -0.00726 0.00699 0.89045 0.45497
1633434129 -366.44038 -20.94867 -4.77076 -0.00743 0.00721 0.89065 0.45458
1633434129 -365.37524 -20.07728 -4.77030 -0.00713 0.00722 0.89092 0.45406
1633434129 -364.30819 -19.20309 -4.77256 -0.00769 0.00758 0.89093 0.45401
1633434129 -363.20970 -18.30942 -4.77154 -0.00701 0.00769 0.89094 0.45401
1633434130 -362.10825 -17.41372 -4.77122 -0.00809 0.00774 0.89069 0.45447
1633434130 -361.00663 -16.51771 -4.76997 -0.00790 0.00747 0.89033 0.45518
1633434130 -359.90175 -15.62502 -4.76881 -0.00847 0.00752 0.88991 0.45599
1633434130 -358.80632 -14.73707 -4.76624 -0.00827 0.00695 0.88934 0.45712
1633434130 -357.71209 -13.85745 -4.76386 -0.00842 0.00685 0.88880 0.45817
1633434131 -356.61403 -12.97625 -4.76175 -0.00859 0.00720 0.88808 0.45955
1633434131 -355.51558 -12.10128 -4.75881 -0.00851 0.00763 0.88750 0.46067
1633434131 -354.41540 -11.22851 -4.75871 -0.00889 0.00839 0.88679 0.46201
1633434131 -353.31590 -10.36092 -4.75701 -0.00839 0.00871 0.88615 0.46324
1633434131 -352.20165 -9.48945 -4.75814 -0.00939 0.00885 0.88540 0.46465
1633434132 -351.08925 -8.62530 -4.75856 -0.00868 0.00879 0.88469 0.46601
1633434132 -349.99049 -7.77724 -4.75981 -0.00926 0.00906 0.88397 0.46736
1633434132 -348.86874 -6.91529 -4.76025 -0.00866 0.00882 0.88328 0.46869
1633434132 -347.20202 -5.64389 -4.76182 -0.00944 0.00850 0.88234 0.47043
1633434132 -346.08564 -4.79775 -4.76159 -0.00905 0.00815 0.88171 0.47163
1633434133 -344.40322 -3.52725 -4.76071 -0.00961 0.00839 0.88094 0.47305
1633434133 -342.73847 -2.27962 -4.75995 -0.00963 0.00826 0.88039 0.47408
1633434133 -341.03903 -1.01048 -4.75973 -0.00911 0.00849 0.87998 0.47485
1633434134 -339.35992 0.23852 -4.75983 -0.00977 0.00888 0.87975 0.47526
1633434134 -337.66647 1.49487 -4.76059 -0.00963 0.00885 0.87966 0.47542
1633434134 -336.52774 2.33639 -4.75985 -0.00950 0.00892 0.87961 0.47551
1633434134 -335.39965 3.16829 -4.75951 -0.00952 0.00883 0.87971 0.47534
1633434135 -334.26677 4.00537 -4.75744 -0.01010 0.00806 0.87967 0.47541
1633434135 -332.56763 5.26289 -4.75607 -0.01011 0.00810 0.87972 0.47531
1633434135 -331.43282 6.10164 -4.75352 -0.00988 0.00837 0.87965 0.47544
1633434135 -330.28435 6.95032 -4.75005 -0.00993 0.00822 0.87972 0.47531
1633434135 -329.15800 7.78595 -4.74949 -0.01000 0.00835 0.87971 0.47534
1633434136 -328.01341 8.63137 -4.74768 -0.00928 0.00868 0.87976 0.47525
1633434136 -326.87667 9.47478 -4.74807 -0.00964 0.00905 0.87980 0.47516
1633434136 -325.74737 10.31436 -4.74760 -0.00878 0.00896 0.87994 0.47491
1633434136 -324.61211 11.15974 -4.74983 -0.00929 0.00893 0.88008 0.47466
1633434136 -323.46829 12.00769 -4.74921 -0.00868 0.00848 0.88023 0.47439
1633434137 -321.76601 13.28292 -4.75056 -0.00923 0.00824 0.88044 0.47400
1633434137 -320.08169 14.54711 -4.75124 -0.00837 0.00789 0.88070 0.47353
1633434137 -318.37527 15.82876 -4.75176 -0.00746 0.00755 0.88090 0.47318
1633434138 -317.24815 16.67578 -4.75367 -0.00766 0.00804 0.88097 0.47303
1633434138 -316.12605 17.52284 -4.75540 -0.00710 0.00825 0.88104 0.47291
1633434138 -314.99983 18.36967 -4.75683 -0.00747 0.00827 0.88124 0.47254
1633434138 -313.31688 19.64065 -4.75990 -0.00760 0.00786 0.88144 0.47217
1633434138 -312.18002 20.49698 -4.76155 -0.00846 0.00805 0.88154 0.47196
1633434139 -310.47743 21.78461 -4.76239 -0.00813 0.00771 0.88165 0.47176
1633434139 -308.77906 23.06628 -4.76369 -0.00857 0.00757 0.88172 0.47164
1633434139 -307.06424 24.35987 -4.76347 -0.00897 0.00784 0.88167 0.47172
1633434140 -305.37399 25.63414 -4.76299 -0.00858 0.00797 0.88149 0.47205
1633434140 -303.66010 26.92047 -4.76609 -0.00844 0.00810 0.88131 0.47240
1633434140 -301.96805 28.19143 -4.76780 -0.00828 0.00825 0.88108 0.47282
1633434141 -300.24692 29.47918 -4.77055 -0.00804 0.00818 0.88083 0.47330
1633434141 -297.96448 31.18463 -4.77694 -0.00746 0.00849 0.88023 0.47441
1633434141 -296.25021 32.45553 -4.78356 -0.00750 0.00858 0.87972 0.47535
1633434142 -294.52985 33.72809 -4.78977 -0.00727 0.00886 0.87908 0.47654
1633434142 -292.81576 34.99212 -4.79642 -0.00739 0.00909 0.87836 0.47785
1633434142 -291.07858 36.26403 -4.80542 -0.00849 0.00914 0.87772 0.47902
1633434142 -289.36564 37.51423 -4.81055 -0.00879 0.00900 0.87721 0.47994
1633434143 -287.62519 38.77997 -4.81485 -0.00918 0.00849 0.87676 0.48077
1633434143 -285.30079 40.46423 -4.81959 -0.00961 0.00896 0.87638 0.48144
1633434143 -283.58389 41.70507 -4.82775 -0.00912 0.00936 0.87646 0.48130
1633434144 -281.84555 42.95991 -4.83299 -0.00860 0.00800 0.87673 0.48084
1633434144 -280.12151 44.20691 -4.83753 -0.00807 0.00800 0.87699 0.48037
1633434144 -277.81660 45.87787 -4.84736 -0.00700 0.00811 0.87741 0.47962
1633434145 -276.07782 47.13749 -4.85482 -0.00621 0.00773 0.87767 0.47917
1633434145 -274.37198 48.37422 -4.85921 -0.00545 0.00621 0.87796 0.47866
1633434145 -272.64794 49.62948 -4.86118 -0.00619 0.00591 0.87818 0.47826
1633434146 -270.95310 50.86669 -4.86103 -0.00682 0.00586 0.87845 0.47775
1633434146 -269.23205 52.12623 -4.86359 -0.00572 0.00695 0.87845 0.47775
1633434146 -266.94165 53.80174 -4.87582 -0.00399 0.00867 0.87835 0.47793
1633434147 -264.64107 55.47965 -4.89338 -0.00445 0.00899 0.87870 0.47727
1633434147 -262.93888 56.72990 -4.90506 -0.00695 0.00856 0.87908 0.47654
1633434147 -261.21767 57.99642 -4.91639 -0.00701 0.00737 0.87960 0.47561
1633434148 -258.92273 59.69321 -4.92334 -0.00592 0.00586 0.87996 0.47497
1633434148 -257.20445 60.96577 -4.93030 -0.00490 0.00709 0.88008 0.47474
1633434148 -255.48304 62.24134 -4.93006 -0.00583 0.00594 0.88008 0.47476
1633434149 -253.76676 63.50669 -4.94001 -0.00573 0.00645 0.88008 0.47474
1633434149 -252.06138 64.76987 -4.94700 -0.00571 0.00658 0.88006 0.47478
1633434149 -250.37096 66.02115 -4.95503 -0.00621 0.00636 0.88000 0.47490
1633434150 -248.64884 67.29432 -4.95838 -0.00592 0.00640 0.87984 0.47518
1633434150 -246.93141 68.56056 -4.96288 -0.00614 0.00626 0.87970 0.47545
1633434150 -245.20630 69.83572 -4.97088 -0.00594 0.00683 0.87955 0.47573
1633434150 -243.50366 71.08881 -4.97669 -0.00582 0.00657 0.87936 0.47607
1633434151 -241.77195 72.36010 -4.98771 -0.00578 0.00668 0.87910 0.47656
1633434151 -240.02855 73.63227 -4.99153 -0.00574 0.00690 0.87888 0.47696
1633434151 -238.30531 74.89208 -5.00147 -0.00570 0.00628 0.87868 0.47734
1633434152 -236.59314 76.13948 -5.00960 -0.00579 0.00637 0.87837 0.47790
1633434152 -234.83241 77.41298 -5.01387 -0.00614 0.00628 0.87820 0.47822
1633434152 -233.12151 78.65385 -5.01926 -0.00608 0.00569 0.87809 0.47842
1633434153 -231.36979 79.91909 -5.02109 -0.00626 0.00540 0.87795 0.47868
1633434153 -229.64851 81.16466 -5.02644 -0.00618 0.00574 0.87802 0.47855
1633434153 -227.89601 82.43084 -5.03370 -0.00761 0.00196 0.87807 0.47847
1633434153 -226.17366 83.67624 -5.02839 -0.00750 0.00317 0.87800 0.47859
1633434154 -224.42522 84.93619 -5.02197 -0.00696 0.00414 0.87809 0.47842
1633434154 -222.70036 86.18065 -5.01856 -0.00633 0.00436 0.87821 0.47820
1633434154 -220.94931 87.44418 -5.01563 -0.00642 0.00416 0.87819 0.47825
1633434155 -218.62315 89.11967 -5.01119 -0.00710 0.00350 0.87831 0.47803
1633434155 -216.89376 90.36857 -5.00718 -0.00691 0.00405 0.87846 0.47775
1633434155 -215.13508 91.64102 -5.00275 -0.00663 0.00414 0.87842 0.47783
1633434156 -213.40090 92.89357 -4.99890 -0.00741 0.00383 0.87839 0.47787
1633434156 -211.62686 94.16380 -4.99648 -0.00680 0.00514 0.87832 0.47799
1633434156 -209.89023 95.41719 -4.99712 -0.00698 0.00559 0.87807 0.47845
1633434157 -208.11862 96.68879 -5.00291 -0.00743 0.00547 0.87791 0.47874
1633434157 -206.35696 97.95454 -4.99220 -0.00883 0.00273 0.87764 0.47923
1633434157 -204.58236 99.21242 -4.98877 -0.00829 0.00203 0.87745 0.47959
1633434157 -202.81603 100.46853 -4.97723 -0.00791 0.00306 0.87729 0.47989
1633434158 -201.63243 101.31039 -4.97181 -0.00741 0.00352 0.87718 0.48008
1633434158 -199.84020 102.58584 -4.96701 -0.00747 0.00418 0.87689 0.48061
1633434158 -198.06401 103.84557 -4.96126 -0.00629 0.00420 0.87659 0.48117
1633434159 -196.26156 105.12043 -4.96288 -0.00475 0.00390 0.87605 0.48218
1633434159 -194.48151 106.37558 -4.96166 -0.00431 0.00408 0.87540 0.48336
1633434159 -192.67679 107.63849 -4.96364 -0.00438 0.00461 0.87486 0.48434
1633434159 -190.88389 108.88576 -4.96510 -0.00474 0.00487 0.87439 0.48518
1633434160 -189.07805 110.13890 -4.96972 -0.00552 0.00478 0.87398 0.48591
1633434160 -187.28440 111.38228 -4.97307 -0.00579 0.00464 0.87362 0.48655
1633434160 -185.45952 112.65450 -4.97373 -0.00587 0.00440 0.87334 0.48705
1633434161 -183.64166 113.91905 -4.97516 -0.00604 0.00422 0.87309 0.48750
1633434161 -181.79007 115.20402 -4.97649 -0.00604 0.00444 0.87288 0.48788
1633434161 -179.35217 116.89144 -4.98010 -0.00610 0.00530 0.87284 0.48794
1633434162 -177.53604 118.15329 -4.98429 -0.00616 0.00588 0.87285 0.48792
1633434162 -175.70452 119.42537 -4.99017 -0.00667 0.00570 0.87294 0.48775
1633434162 -173.88068 120.69347 -4.99402 -0.00690 0.00559 0.87320 0.48729
1633434163 -172.05405 121.96975 -4.99465 -0.00757 0.00475 0.87337 0.48698
1633434163 -169.62270 123.66423 -4.99495 -0.00748 0.00421 0.87362 0.48653
1633434163 -167.20029 125.36139 -4.99286 -0.00719 0.00432 0.87395 0.48594
1633434164 -164.78120 127.06625 -4.99371 -0.00746 0.00489 0.87419 0.48551
1633434164 -162.37291 128.76385 -4.99464 -0.00762 0.00467 0.87434 0.48523
1633434165 -159.97965 130.45530 -4.99396 -0.00834 0.00370 0.87436 0.48519
1633434165 -157.57570 132.15155 -4.99000 -0.00839 0.00427 0.87457 0.48480
1633434165 -155.77464 133.42751 -4.98126 -0.00870 0.00400 0.87456 0.48483
1633434166 -153.96916 134.70733 -4.97649 -0.00884 0.00367 0.87449 0.48495
1633434166 -152.13986 135.99941 -4.96906 -0.00845 0.00393 0.87441 0.48511
1633434166 -149.75422 137.69037 -4.96482 -0.00829 0.00393 0.87414 0.48558
1633434167 -147.92243 138.98126 -4.96086 -0.00725 0.00449 0.87392 0.48599
1633434167 -145.48438 140.69289 -4.96086 -0.00660 0.00476 0.87364 0.48650
1633434167 -143.63278 141.98537 -4.96271 -0.00669 0.00452 0.87347 0.48681
1633434168 -141.79093 143.27640 -4.95947 -0.00684 0.00451 0.87332 0.48708
1633434168 -139.34280 144.99637 -4.95891 -0.00650 0.00389 0.87303 0.48761
1633434168 -137.48954 146.29423 -4.95500 -0.00637 0.00360 0.87270 0.48820
1633434169 -135.60578 147.60722 -4.95084 -0.00607 0.00354 0.87233 0.48887
1633434169 -133.72081 148.91503 -4.94753 -0.00630 0.00396 0.87195 0.48954
1633434169 -131.17714 150.67319 -4.94514 -0.00675 0.00423 0.87155 0.49024
1633434170 -129.25823 151.98551 -4.94701 -0.00697 0.00415 0.87123 0.49081
1633434170 -127.37547 153.27684 -4.94342 -0.00678 0.00379 0.87093 0.49135
1633434170 -125.48289 154.57314 -4.93879 -0.00639 0.00378 0.87066 0.49183
1633434170 -123.58332 155.86611 -4.93681 -0.00643 0.00345 0.87040 0.49228
1633434171 -121.67594 157.15888 -4.93427 -0.00637 0.00230 0.87024 0.49259
1633434171 -119.80805 158.42165 -4.92992 -0.00510 0.00257 0.86999 0.49304
1633434171 -117.95985 159.67063 -4.93241 -0.00337 0.00355 0.86994 0.49313
1633434172 -116.14644 160.90117 -4.94087 -0.00347 0.00236 0.87023 0.49263
1633434172 -114.33580 162.13967 -4.94818 -0.00334 0.00277 0.87051 0.49214
1633434172 -112.53181 163.37623 -4.95522 -0.00289 0.00254 0.87063 0.49192
1633434173 -110.71381 164.62590 -4.96542 -0.00162 0.00197 0.87085 0.49154
1633434173 -108.90472 165.87587 -4.96727 -0.00169 0.00241 0.87111 0.49109
1633434173 -107.07776 167.14697 -4.97202 -0.00263 0.00404 0.87120 0.49090
1633434173 -105.25231 168.41884 -4.97761 -0.00279 0.00504 0.87144 0.49046
1633434174 -103.41561 169.69931 -4.98450 -0.00351 0.00474 0.87175 0.48991
1633434174 -101.59149 170.97725 -4.98819 -0.00488 0.00421 0.87220 0.48910
1633434174 -99.74269 172.27763 -4.98769 -0.00634 0.00384 0.87276 0.48809
1633434175 -97.87271 173.58584 -4.98637 -0.00736 0.00390 0.87333 0.48706
1633434175 -96.00487 174.89983 -4.98038 -0.00760 0.00388 0.87391 0.48601
1633434175 -94.13329 176.21810 -4.97742 -0.00661 0.00456 0.87442 0.48510
1633434176 -92.26389 177.53711 -4.97733 -0.00614 0.00533 0.87458 0.48482
1633434176 -89.79016 179.28514 -4.98276 -0.00570 0.00488 0.87471 0.48460
1633434176 -87.94304 180.58887 -4.98518 -0.00584 0.00443 0.87453 0.48492
1633434177 -86.12458 181.87454 -4.98448 -0.00603 0.00386 0.87407 0.48575
1633434177 -84.32100 183.14818 -4.98329 -0.00580 0.00542 0.87342 0.48691
1633434177 -82.54885 184.39846 -4.98436 -0.00652 0.00451 0.87295 0.48775
1633434178 -79.62245 186.45770 -4.98558 -0.00775 0.00505 0.87186 0.48967
1633434178 -76.74367 188.47246 -4.98436 -0.00786 0.00521 0.87077 0.49159
1633434179 -73.33948 190.83010 -4.98489 -0.00796 0.00559 0.86927 0.49424
1633434179 -70.57748 192.72704 -4.98739 -0.00825 0.00555 0.86794 0.49656
1633434180 -67.31569 194.93770 -4.99330 -0.00822 0.00573 0.86609 0.49978
1633434180 -64.66049 196.70009 -5.00092 -0.00799 0.00655 0.86351 0.50422
1633434181 -63.15257 197.68129 -5.00567 -0.00800 0.00665 0.86171 0.50730
1633434181 -61.71388 198.60050 -5.00839 -0.00776 0.00544 0.85996 0.51028
1633434181 -59.36200 200.08867 -5.00921 -0.00771 0.00544 0.85618 0.51659
1633434182 -58.00112 200.91294 -5.00864 -0.00790 0.00556 0.85369 0.52068
1633434182 -56.36011 201.87159 -5.01359 -0.00764 0.00519 0.85051 0.52588
1633434183 -54.85801 202.72958 -5.01243 -0.00757 0.00581 0.84718 0.53122
1633434183 -53.39372 203.54188 -5.01324 -0.00684 0.00562 0.84354 0.53700
1633434183 -52.28743 204.13787 -5.00902 -0.00680 0.00541 0.84025 0.54213
1633434184 -51.26678 204.64709 -5.00974 -0.00648 0.00539 0.83665 0.54767
1633434184 -50.26845 205.15085 -5.00358 -0.00686 0.00572 0.83270 0.55365
1633434184 -49.47196 205.48712 -4.99800 -0.00656 0.00535 0.82870 0.55963
1633434184 -48.77851 205.74337 -4.99757 -0.00650 0.00523 0.82429 0.56610
1633434185 -48.01473 206.03600 -4.99393 -0.00617 0.00541 0.81963 0.57283
1633434185 -47.10942 206.40969 -4.99213 -0.00574 0.00476 0.81482 0.57967
1633434185 -46.23559 206.75808 -4.99328 -0.00573 0.00480 0.80969 0.58681
1633434186 -45.40732 207.06324 -4.98936 -0.00580 0.00447 0.80444 0.59398
1633434186 -44.60264 207.33588 -4.98446 -0.00542 0.00468 0.79927 0.60093
1633434186 -43.81542 207.58425 -4.97852 -0.00517 0.00436 0.79373 0.60823
1633434187 -43.05066 207.80655 -4.97088 -0.00509 0.00355 0.78794 0.61572
1633434187 -42.28641 208.00918 -4.96246 -0.00462 0.00311 0.78164 0.62370
1633434187 -41.55845 208.18138 -4.95441 -0.00444 0.00254 0.77599 0.63072
1633434187 -40.82357 208.34366 -4.94496 -0.00412 0.00214 0.77029 0.63767
1633434188 -40.07180 208.50106 -4.93484 -0.00329 0.00206 0.76466 0.64442
1633434188 -39.28183 208.66271 -4.92892 -0.00333 0.00132 0.75832 0.65187
1633434188 -38.49056 208.80281 -4.92055 -0.00340 0.00093 0.75093 0.66037
1633434189 -37.93809 208.89203 -4.91627 -0.00277 0.00048 0.74587 0.66608
1633434189 -37.37739 208.97841 -4.91108 -0.00221 0.00066 0.74040 0.67216
1633434189 -36.27726 209.10777 -4.90549 -0.00169 -0.00006 0.72897 0.68455
1633434189 -35.71183 209.16223 -4.90369 -0.00136 0.00019 0.72261 0.69126
1633434190 -34.56962 209.23834 -4.89966 -0.00082 0.00016 0.70892 0.70528
1633434190 -33.42764 209.25221 -4.89414 -0.00053 -0.00011 0.69387 0.72010
1633434190 -32.86603 209.23540 -4.89260 -0.00080 -0.00028 0.68596 0.72764
1633434191 -31.72320 209.16642 -4.89126 -0.00053 0.00000 0.67017 0.74221
1633434191 -30.60806 209.03962 -4.89060 -0.00068 -0.00040 0.65357 0.75687
1633434192 -29.48147 208.85058 -4.89219 -0.00009 0.00003 0.63493 0.77257
1633434192 -28.92003 208.73307 -4.89144 -0.00013 0.00027 0.62506 0.78057
1633434192 -27.78504 208.45387 -4.89352 -0.00031 0.00091 0.60475 0.79642
1633434192 -27.22242 208.29219 -4.89474 -0.00030 0.00158 0.59423 0.80429
1633434193 -26.10134 207.92334 -4.89915 -0.00034 0.00262 0.57235 0.82000
1633434193 -25.54580 207.71217 -4.89891 -0.00024 0.00290 0.56119 0.82768
1633434193 -24.46858 207.24926 -4.90514 -0.00032 0.00398 0.53829 0.84275
1633434194 -23.93922 206.99367 -4.90778 -0.00053 0.00428 0.52678 0.84999
1633434194 -23.41864 206.72121 -4.90974 -0.00012 0.00455 0.51518 0.85707
1633434194 -22.40645 206.14214 -4.91760 -0.00017 0.00489 0.49147 0.87088
1633434194 -21.91580 205.82940 -4.92062 -0.00020 0.00492 0.47950 0.87753
1633434195 -21.43076 205.50086 -4.92323 -0.00022 0.00497 0.46715 0.88417
1633434195 -20.71429 204.98425 -4.92858 -0.00085 0.00536 0.44829 0.89387
1633434195 -20.01645 204.42902 -4.93506 -0.00107 0.00519 0.42878 0.90339
1633434195 -19.33509 203.83238 -4.93856 -0.00156 0.00508 0.40837 0.91280
1633434196 -18.66878 203.18933 -4.94121 -0.00137 0.00433 0.38789 0.92170
1633434196 -18.23714 202.73988 -4.94119 -0.00139 0.00425 0.37360 0.92758
1633434196 -17.60139 202.02401 -4.93954 -0.00199 0.00415 0.35191 0.93602
1633434197 -16.98429 201.26040 -4.93738 -0.00190 0.00339 0.32974 0.94406
1633434197 -16.59226 200.72793 -4.93596 -0.00229 0.00284 0.31434 0.94930
1633434197 -16.20640 200.16690 -4.93477 -0.00216 0.00205 0.29867 0.95435
1633434197 -15.83475 199.58871 -4.93356 -0.00174 0.00171 0.28272 0.95920
1633434197 -15.47304 198.98104 -4.93167 -0.00127 0.00139 0.26627 0.96390
1633434198 -15.13087 198.35474 -4.92892 -0.00090 0.00067 0.25000 0.96824
1633434198 -14.96775 198.03140 -4.92706 -0.00063 0.00019 0.24175 0.97034
1633434198 -14.64800 197.37060 -4.92621 0.00016 -0.00058 0.22526 0.97430
1633434198 -14.34611 196.69367 -4.92504 0.00032 -0.00121 0.20921 0.97787
1633434198 -14.20416 196.34688 -4.92348 0.00012 -0.00155 0.20131 0.97953
1633434198 -13.92894 195.63888 -4.92305 0.00027 -0.00244 0.18563 0.98262
1633434198 -13.80021 195.27791 -4.92250 0.00049 -0.00272 0.17779 0.98406
1633434199 -13.55480 194.54915 -4.92220 0.00055 -0.00349 0.16240 0.98672
1633434199 -13.22295 193.42838 -4.92129 0.00037 -0.00493 0.13948 0.99021
1633434199 -13.02556 192.65801 -4.92087 0.00043 -0.00564 0.12406 0.99226
1633434199 -12.85067 191.87232 -4.92132 0.00048 -0.00705 0.10925 0.99399
1633434200 -12.69756 191.07775 -4.92061 0.00071 -0.00773 0.09433 0.99551
1633434200 -12.56666 190.27009 -4.91951 0.00104 -0.00821 0.07985 0.99677
1633434200 -12.45415 189.45136 -4.91949 0.00139 -0.00867 0.06581 0.99779
1633434200 -12.35861 188.61881 -4.92071 0.00183 -0.00933 0.05249 0.99858
1633434200 -12.28384 187.77731 -4.92128 0.00160 -0.00958 0.03921 0.99918
1633434201 -12.22924 186.93144 -4.92239 0.00140 -0.00879 0.02601 0.99962
1633434201 -12.19927 186.08289 -4.92415 0.00153 -0.00857 0.01334 0.99987
1633434201 -12.19089 185.23548 -4.92557 0.00106 -0.00842 0.00106 0.99996
1633434201 -12.20051 184.37597 -4.92462 0.00107 -0.00831 -0.01060 0.99991
1633434201 -12.22745 183.50898 -4.92718 0.00094 -0.00745 -0.02250 0.99972
1633434202 -12.27525 182.64143 -4.92793 0.00015 -0.00722 -0.03388 0.99940
1633434202 -12.34190 181.76837 -4.92631 -0.00113 -0.00672 -0.04509 0.99896
1633434202 -12.42798 180.89474 -4.92553 -0.00197 -0.00563 -0.05596 0.99842
1633434202 -12.53172 180.01548 -4.92621 -0.00210 -0.00479 -0.06693 0.99774
1633434202 -12.65253 179.13203 -4.92323 -0.00181 -0.00450 -0.07691 0.99703
1633434203 -12.78881 178.24423 -4.92007 -0.00178 -0.00449 -0.08642 0.99625
1633434203 -12.94039 177.35109 -4.91649 -0.00171 -0.00335 -0.09592 0.99538
1633434203 -13.10811 176.45644 -4.91399 -0.00188 -0.00317 -0.10414 0.99456
1633434203 -13.38817 175.12550 -4.90780 -0.00227 -0.00297 -0.11511 0.99335
1633434204 -13.69407 173.79744 -4.90307 -0.00229 -0.00229 -0.12559 0.99208
1633434204 -14.02674 172.46661 -4.89583 -0.00247 -0.00234 -0.13501 0.99084
1633434204 -14.38094 171.13315 -4.89090 -0.00160 -0.00253 -0.14304 0.98971
1633434204 -14.75893 169.79753 -4.88636 -0.00145 -0.00275 -0.15009 0.98867
1633434205 -15.15149 168.46793 -4.88337 -0.00103 -0.00224 -0.15627 0.98771
1633434205 -15.69904 166.69438 -4.87886 -0.00102 -0.00203 -0.16331 0.98657
1633434206 -16.26801 164.93476 -4.87557 -0.00035 -0.00209 -0.16867 0.98567
1633434206 -16.84782 163.16641 -4.87575 0.00059 -0.00246 -0.17245 0.98501
1633434206 -17.43451 161.40546 -4.87401 0.00039 -0.00237 -0.17479 0.98460
1633434207 -18.16947 159.22415 -4.87567 0.00006 -0.00196 -0.17573 0.98444
1633434207 -18.75247 157.48095 -4.87385 -0.00036 -0.00154 -0.17477 0.98461
1633434208 -19.32135 155.75421 -4.87230 -0.00130 -0.00119 -0.17268 0.98498
1633434208 -19.72849 154.46717 -4.86483 -0.00166 -0.00025 -0.17054 0.98535
1633434208 -20.12584 153.18402 -4.85981 -0.00192 -0.00023 -0.16685 0.98598
1633434209 -20.50074 151.91697 -4.84832 -0.00187 0.00069 -0.16180 0.98682
1633434209 -20.85527 150.65507 -4.84248 -0.00228 0.00105 -0.15629 0.98771
1633434209 -21.18384 149.41627 -4.83049 -0.00132 0.00198 -0.15037 0.98863
1633434209 -21.49535 148.17630 -4.82109 -0.00108 0.00231 -0.14408 0.98956
1633434210 -21.76714 146.98907 -4.81337 0.00004 0.00338 -0.13794 0.99043
1633434210 -22.02592 145.80238 -4.80685 -0.00016 0.00407 -0.13156 0.99130
1633434210 -22.25381 144.65718 -4.80085 -0.00056 0.00444 -0.12478 0.99217
1633434211 -22.45739 143.52062 -4.79745 0.00027 0.00509 -0.11659 0.99317
1633434211 -22.57075 142.79065 -4.79444 0.00001 0.00566 -0.11000 0.99392
1633434211 -22.67586 142.05830 -4.79110 0.00045 0.00607 -0.10262 0.99470
1633434211 -22.77126 141.32166 -4.79011 0.00045 0.00663 -0.09450 0.99550
1633434211 -22.85210 140.60070 -4.78855 0.00005 0.00699 -0.08608 0.99626
1633434212 -22.91405 139.89836 -4.78941 -0.00045 0.00721 -0.07723 0.99699
1633434212 -22.96607 139.19269 -4.78958 -0.00016 0.00747 -0.06800 0.99766
1633434212 -23.00592 138.50697 -4.79049 -0.00046 0.00790 -0.05917 0.99822
1633434212 -23.02913 137.86252 -4.78964 -0.00030 0.00807 -0.05060 0.99869
1633434212 -23.04399 137.24067 -4.78911 -0.00052 0.00831 -0.04185 0.99909
1633434213 -23.04299 136.64708 -4.78882 -0.00067 0.00799 -0.03272 0.99943
1633434213 -23.02766 136.08103 -4.79121 -0.00100 0.00831 -0.02388 0.99968
1633434213 -23.00540 135.52839 -4.79159 -0.00107 0.00854 -0.01559 0.99984
1633434213 -22.96955 134.99114 -4.79209 -0.00169 0.00877 -0.00628 0.99994
1633434213 -22.92150 134.46666 -4.79140 -0.00224 0.00868 0.00350 0.99995
1633434214 -22.86305 133.95680 -4.79402 -0.00220 0.00844 0.01297 0.99988
1633434214 -22.79619 133.44414 -4.79573 -0.00177 0.00897 0.02218 0.99971
1633434214 -22.71724 132.93956 -4.79663 -0.00151 0.00854 0.03210 0.99945
1633434214 -22.62826 132.44144 -4.79768 -0.00140 0.00882 0.04170 0.99909
1633434214 -22.53008 131.95048 -4.79685 -0.00143 0.00919 0.05116 0.99865
1633434215 -22.42374 131.45938 -4.79813 -0.00130 0.00891 0.06100 0.99810
1633434215 -22.30849 130.97378 -4.80018 -0.00126 0.00897 0.07047 0.99747
1633434215 -22.18308 130.49766 -4.80179 -0.00134 0.00895 0.08056 0.99671
1633434215 -22.04879 130.02110 -4.80350 -0.00107 0.00864 0.09111 0.99580
1633434215 -21.90306 129.55984 -4.80727 -0.00107 0.00906 0.10149 0.99479
1633434216 -21.74475 129.11190 -4.80945 -0.00075 0.00918 0.11341 0.99351
1633434216 -21.57450 128.67549 -4.81261 -0.00048 0.00917 0.12577 0.99202
1633434216 -21.39822 128.23675 -4.81677 -0.00017 0.00943 0.13728 0.99049
1633434216 -21.21080 127.81165 -4.82258 -0.00020 0.00995 0.14917 0.98876
1633434216 -21.02729 127.41453 -4.82704 0.00029 0.01049 0.15905 0.98721
1633434217 -20.84462 127.03386 -4.83174 0.00074 0.01041 0.16871 0.98561
1633434217 -20.66005 126.67517 -4.83641 0.00061 0.01047 0.17797 0.98398
1633434217 -20.47932 126.33494 -4.84223 0.00069 0.01059 0.18572 0.98255
1633434217 -20.20731 125.86944 -4.85140 0.00152 0.01045 0.19832 0.98008
1633434218 -20.02244 125.57303 -4.85727 0.00128 0.01045 0.20692 0.97830
1633434218 -19.83593 125.28055 -4.86271 0.00165 0.01048 0.21572 0.97640
1633434218 -19.64627 124.99867 -4.86840 0.00229 0.01071 0.22451 0.97441
1633434218 -19.45305 124.72288 -4.87439 0.00258 0.01118 0.23270 0.97248
1633434218 -19.15483 124.32460 -4.88204 0.00215 0.01115 0.24559 0.96931
1633434219 -18.95510 124.06577 -4.88701 0.00222 0.01163 0.25385 0.96717
1633434219 -18.65640 123.69760 -4.89677 0.00195 0.01249 0.26474 0.96424
1633434219 -18.35348 123.33183 -4.90638 0.00174 0.01211 0.27460 0.96148
1633434220 -18.05563 122.97894 -4.91569 0.00179 0.01123 0.28365 0.95886
1633434220 -17.75113 122.62430 -4.92509 0.00157 0.01146 0.29228 0.95626
1633434220 -17.45305 122.28129 -4.93580 0.00136 0.01209 0.30018 0.95380
1633434221 -17.05693 121.84206 -4.95186 0.00112 0.01174 0.30961 0.95079
1633434221 -16.66884 121.41389 -4.96751 0.00075 0.01180 0.31850 0.94785
1633434221 -16.28415 121.01947 -4.98041 0.00064 0.01159 0.32766 0.94472
1633434222 -15.90650 120.64788 -4.99652 0.00067 0.01187 0.33660 0.94157
1633434222 -15.43810 120.18913 -5.01626 0.00073 0.01234 0.34606 0.93813
1633434223 -14.97891 119.75242 -5.03121 0.00065 0.01305 0.35479 0.93486
1633434223 -14.52297 119.33842 -5.04579 0.00138 0.01280 0.36275 0.93180
1633434224 -13.99801 118.86382 -5.06277 0.00219 0.01270 0.37138 0.92839
1633434224 -13.47645 118.40617 -5.07730 0.00210 0.01256 0.37899 0.92531
1633434225 -12.98041 117.95020 -5.08653 0.00138 0.01292 0.38647 0.92221
1633434226 -12.60156 117.58792 -5.09434 0.00142 0.01244 0.39254 0.91965
1633434226 -12.18985 117.22258 -5.09818 0.00019 0.01096 0.39850 0.91710
1633434227 -11.74104 116.82194 -5.10534 0.00080 0.01185 0.40455 0.91444
1633434227 -11.24633 116.40657 -5.11095 0.00092 0.01304 0.41092 0.91158
1633434228 -10.74398 115.99731 -5.11862 0.00101 0.01397 0.41677 0.90890
1633434228 -10.22846 115.59304 -5.12572 0.00140 0.01452 0.42307 0.90598
1633434229 -9.61909 115.13921 -5.13688 0.00200 0.01594 0.42928 0.90303
1633434229 -9.02060 114.70492 -5.14828 0.00183 0.01629 0.43398 0.90077
1633434230 -8.32808 114.20457 -5.15972 0.00163 0.01607 0.43741 0.89912
1633434231 -7.51153 113.60299 -5.17660 0.00183 0.01465 0.43691 0.89938
1633434231 -6.73313 113.02443 -5.18980 -0.00002 0.01320 0.43160 0.90197
1633434232 -6.18535 112.59949 -5.20365 -0.00110 0.01207 0.42522 0.90501
1633434232 -5.47692 112.07782 -5.21113 -0.00377 0.01177 0.41783 0.90844
1633434233 -4.89431 111.64505 -5.21802 -0.00546 0.01187 0.41029 0.91186
1633434233 -4.36810 111.24171 -5.22168 -0.00698 0.01149 0.40243 0.91535
1633434234 -3.87835 110.84238 -5.22359 -0.00824 0.01253 0.39312 0.91937
1633434234 -3.48511 110.46758 -5.21852 -0.00710 0.01218 0.38332 0.92351
1633434234 -3.09995 110.12519 -5.21749 -0.00630 0.01214 0.37474 0.92703
1633434235 -2.77611 109.80221 -5.21197 -0.00607 0.01218 0.36628 0.93040
1633434235 -2.50951 109.49906 -5.20404 -0.00532 0.01325 0.35588 0.93442
1633434235 -2.20967 109.16060 -5.19800 -0.00495 0.01325 0.34493 0.93852
1633434235 -2.01815 108.93096 -5.19306 -0.00472 0.01342 0.33771 0.94114
1633434236 -1.72318 108.57030 -5.18904 -0.00427 0.01421 0.32602 0.94525
1633434236 -1.54025 108.32195 -5.18347 -0.00434 0.01532 0.31581 0.94869
1633434236 -1.37536 108.07298 -5.17919 -0.00450 0.01506 0.30423 0.95247
1633434236 -1.22259 107.81661 -5.17626 -0.00483 0.01434 0.29042 0.95678
1633434237 -1.07139 107.54588 -5.17418 -0.00501 0.01373 0.27529 0.96125
1633434237 -0.99467 107.39925 -5.17158 -0.00514 0.01317 0.26752 0.96345
1633434237 -0.93030 107.26214 -5.16993 -0.00534 0.01274 0.25990 0.96554
1633434237 -0.79303 106.97698 -5.16697 -0.00598 0.01239 0.24423 0.96962
1633434237 -0.73453 106.83617 -5.16503 -0.00614 0.01239 0.23616 0.97162
1633434237 -0.62803 106.56733 -5.16209 -0.00629 0.01245 0.22011 0.97537
1633434237 -0.58319 106.43362 -5.15867 -0.00639 0.01232 0.21213 0.97714
1633434237 -0.53839 106.29411 -5.15511 -0.00664 0.01212 0.20372 0.97893
1633434238 -0.45073 106.01801 -5.15006 -0.00696 0.01187 0.18727 0.98221
1633434238 -0.41068 105.87658 -5.14648 -0.00671 0.01175 0.17953 0.98366
1633434238 -0.37056 105.72856 -5.14237 -0.00628 0.01163 0.17142 0.98511
1633434238 -0.33551 105.58693 -5.13869 -0.00604 0.01148 0.16340 0.98647
1633434238 -0.30216 105.44066 -5.13513 -0.00589 0.01156 0.15512 0.98781
1633434238 -0.27281 105.29909 -5.13136 -0.00578 0.01180 0.14719 0.98902
1633434238 -0.24499 105.15285 -5.12718 -0.00564 0.01183 0.13905 0.99020
1633434238 -0.22234 105.01243 -5.12257 -0.00549 0.01172 0.13087 0.99131
1633434238 -0.20367 104.86915 -5.11802 -0.00537 0.01151 0.12185 0.99247
1633434239 -0.17531 104.58892 -5.11152 -0.00518 0.01089 0.10286 0.99462
1633434239 -0.16718 104.44891 -5.10732 -0.00509 0.01025 0.09356 0.99555
1633434239 -0.16179 104.30477 -5.10329 -0.00494 0.00942 0.08405 0.99640
1633434239 -0.16002 104.16340 -5.09962 -0.00476 0.00844 0.07459 0.99717
1633434239 -0.15991 104.01698 -5.09567 -0.00460 0.00775 0.06485 0.99785
1633434239 -0.16200 103.87368 -5.09129 -0.00460 0.00739 0.05525 0.99843
1633434239 -0.16644 103.72580 -5.08667 -0.00468 0.00717 0.04527 0.99894
1633434239 -0.17433 103.58437 -5.08228 -0.00479 0.00680 0.03580 0.99932
1633434239 -0.18525 103.44032 -5.07768 -0.00489 0.00646 0.02636 0.99962
1633434240 -0.19820 103.29960 -5.07315 -0.00497 0.00631 0.01720 0.99982
1633434240 -0.21331 103.15541 -5.06837 -0.00513 0.00642 0.00755 0.99994
1633434240 -0.23144 103.01532 -5.06405 -0.00531 0.00651 -0.00226 0.99996
1633434240 -0.25505 102.86937 -5.05992 -0.00561 0.00624 -0.01263 0.99989
1633434240 -0.28096 102.73137 -5.05586 -0.00595 0.00564 -0.02211 0.99972
1633434240 -0.30965 102.58586 -5.05136 -0.00620 0.00507 -0.03192 0.99946
1633434240 -0.33981 102.44353 -5.04714 -0.00640 0.00481 -0.04174 0.99910
1633434240 -0.37468 102.29900 -5.04285 -0.00644 0.00462 -0.05222 0.99860
1633434240 -0.41167 102.15770 -5.03937 -0.00644 0.00426 -0.06242 0.99802
1633434240 -0.45311 102.01140 -5.03577 -0.00649 0.00379 -0.07271 0.99733
1633434241 -0.49720 101.86995 -5.03144 -0.00659 0.00356 -0.08250 0.99656
1633434241 -0.55129 101.73609 -5.02513 -0.00680 0.00358 -0.09245 0.99569
1633434241 -0.59113 101.58804 -5.02237 -0.00714 0.00368 -0.10238 0.99471
1633434241 -0.64305 101.44589 -5.01792 -0.00758 0.00369 -0.11250 0.99362
1633434241 -0.70857 101.31082 -5.01247 -0.00796 0.00358 -0.12240 0.99244
1633434241 -0.75439 101.16619 -5.00874 -0.00841 0.00335 -0.13238 0.99116
1633434241 -0.81230 101.02888 -5.00433 -0.00853 0.00297 -0.14232 0.98978
1633434241 -0.87425 100.88995 -4.99856 -0.00838 0.00267 -0.15263 0.98824
1633434241 -0.93744 100.75307 -4.99463 -0.00834 0.00264 -0.16264 0.98665
1633434241 -1.00429 100.61178 -4.99134 -0.00824 0.00228 -0.17281 0.98492
1633434242 -1.07355 100.47475 -4.98717 -0.00818 0.00201 -0.18243 0.98318
1633434242 -1.14778 100.33543 -4.98184 -0.00835 0.00195 -0.19247 0.98127
1633434242 -1.22377 100.19927 -4.97588 -0.00882 0.00215 -0.20248 0.97924
1633434242 -1.30520 100.06031 -4.96972 -0.00940 0.00247 -0.21280 0.97705
1633434242 -1.38908 99.92383 -4.96431 -0.00984 0.00272 -0.22300 0.97476
1633434242 -1.47812 99.78685 -4.95930 -0.01008 0.00274 -0.23346 0.97231
1633434242 -1.56784 99.65619 -4.95524 -0.01027 0.00273 -0.24370 0.96979
1633434242 -1.66291 99.52325 -4.95072 -0.01040 0.00249 -0.25419 0.96710
1633434242 -1.75847 99.39497 -4.94603 -0.01061 0.00237 -0.26429 0.96438
1633434242 -1.86065 99.26405 -4.94170 -0.01100 0.00244 -0.27456 0.96150
1633434243 -1.96082 99.13949 -4.93666 -0.01136 0.00228 -0.28428 0.95867
1633434243 -2.06787 99.01172 -4.93054 -0.01171 0.00229 -0.29422 0.95566
1633434243 -2.17568 98.88810 -4.92466 -0.01200 0.00237 -0.30398 0.95260
1633434243 -2.29041 98.76286 -4.91926 -0.01216 0.00235 -0.31419 0.94928
1633434243 -2.40451 98.64469 -4.91468 -0.01220 0.00241 -0.32393 0.94600
1633434243 -2.52306 98.52791 -4.91084 -0.01214 0.00250 -0.33377 0.94257
1633434243 -2.64061 98.41596 -4.90660 -0.01211 0.00233 -0.34332 0.93914
1633434243 -2.76460 98.30292 -4.90080 -0.01218 0.00204 -0.35305 0.93552
1633434243 -2.88823 98.19528 -4.89475 -0.01238 0.00195 -0.36225 0.93200
1633434243 -3.02095 98.08439 -4.88864 -0.01264 0.00181 -0.37191 0.92818
1633434244 -3.14935 97.98018 -4.88313 -0.01271 0.00163 -0.38110 0.92445
1633434244 -3.28574 97.87426 -4.87802 -0.01257 0.00144 -0.39054 0.92050
1633434244 -3.41933 97.77384 -4.87289 -0.01237 0.00111 -0.39944 0.91668
1633434244 -3.56160 97.67131 -4.86719 -0.01202 0.00088 -0.40874 0.91257
1633434244 -3.69901 97.57550 -4.86139 -0.01179 0.00083 -0.41769 0.90851
1633434244 -3.84470 97.47885 -4.85496 -0.01173 0.00079 -0.42693 0.90421
1633434244 -3.98703 97.38800 -4.84892 -0.01170 0.00068 -0.43549 0.90012
1633434244 -4.14003 97.29447 -4.84315 -0.01158 0.00038 -0.44427 0.89582
1633434244 -4.28993 97.20617 -4.83721 -0.01134 -0.00001 -0.45259 0.89165
1633434244 -4.44602 97.11805 -4.83107 -0.01115 -0.00025 -0.46107 0.88729
1633434245 -4.59990 97.03543 -4.82530 -0.01124 -0.00028 -0.46943 0.88290
1633434245 -4.75921 96.95507 -4.81900 -0.01152 -0.00028 -0.47822 0.87816
1633434245 -4.91347 96.88130 -4.81344 -0.01185 -0.00018 -0.48663 0.87353
1633434245 -5.07467 96.80734 -4.80882 -0.01191 -0.00025 -0.49501 0.86881
1633434245 -5.23336 96.73681 -4.80445 -0.01161 -0.00051 -0.50288 0.86428
1633434245 -5.39959 96.66552 -4.80023 -0.01127 -0.00091 -0.51079 0.85963
1633434245 -5.55631 96.60065 -4.79508 -0.01133 -0.00084 -0.51807 0.85527
1633434245 -5.72322 96.53622 -4.78851 -0.01162 -0.00053 -0.52573 0.85057
1633434245 -5.88455 96.47669 -4.78241 -0.01212 -0.00005 -0.53315 0.84593
1633434245 -6.05028 96.41772 -4.77644 -0.01267 0.00020 -0.54071 0.84112
1633434246 -6.21229 96.36260 -4.77101 -0.01300 0.00034 -0.54779 0.83651
1633434246 -6.38271 96.30864 -4.76602 -0.01306 0.00046 -0.55501 0.83174
1633434246 -6.71842 96.22316 -4.75766 -0.01329 0.00038 -0.56903 0.82221
1633434246 -6.88380 96.18012 -4.75233 -0.01343 0.00024 -0.57594 0.81738
1633434246 -7.21853 96.11284 -4.74267 -0.01396 0.00052 -0.58935 0.80775
1633434246 -7.55623 96.05532 -4.73202 -0.01438 0.00098 -0.60262 0.79790
1633434247 -7.89812 96.00715 -4.72125 -0.01473 0.00137 -0.61563 0.78790
1633434247 -8.24320 95.97033 -4.70995 -0.01485 0.00105 -0.62820 0.77791
1633434247 -8.59011 95.94062 -4.69980 -0.01526 0.00135 -0.64074 0.76760
1633434247 -8.94198 95.91984 -4.68932 -0.01578 0.00132 -0.65236 0.75774
1633434247 -9.30156 95.90977 -4.67865 -0.01603 0.00125 -0.66352 0.74798
1633434248 -9.65949 95.90412 -4.66749 -0.01512 0.00095 -0.67449 0.73813
1633434248 -10.01374 95.91059 -4.65779 -0.01478 0.00091 -0.68481 0.72857
1633434248 -10.37370 95.92702 -4.64643 -0.01477 0.00073 -0.69515 0.71871
1633434248 -10.72819 95.95497 -4.63484 -0.01485 0.00009 -0.70572 0.70833
1633434248 -11.07957 95.99497 -4.62294 -0.01518 -0.00044 -0.71563 0.69831
1633434249 -11.42192 96.04823 -4.61319 -0.01541 -0.00102 -0.72535 0.68821
1633434249 -11.78085 96.10353 -4.60262 -0.01484 -0.00164 -0.73437 0.67858
1633434249 -12.13723 96.16807 -4.59091 -0.01401 -0.00203 -0.74332 0.66879
1633434249 -12.47445 96.24561 -4.58097 -0.01358 -0.00252 -0.75169 0.65938
1633434249 -12.81918 96.33203 -4.57206 -0.01369 -0.00330 -0.76019 0.64955
1633434250 -13.17964 96.42212 -4.56232 -0.01380 -0.00394 -0.76846 0.63974
1633434250 -13.53622 96.52056 -4.55303 -0.01410 -0.00433 -0.77645 0.63001
1633434250 -13.89793 96.62760 -4.54551 -0.01324 -0.00419 -0.78435 0.62017
1633434250 -14.26179 96.74147 -4.53695 -0.01278 -0.00451 -0.79194 0.61045
1633434250 -14.61617 96.86407 -4.52877 -0.01247 -0.00472 -0.79926 0.60084
1633434251 -14.95785 96.99528 -4.52283 -0.01236 -0.00514 -0.80627 0.59140
1633434251 -15.30329 97.13550 -4.51677 -0.01217 -0.00581 -0.81304 0.58206
1633434251 -15.65897 97.28355 -4.51144 -0.01165 -0.00638 -0.81944 0.57301
1633434251 -16.01093 97.43804 -4.50565 -0.01117 -0.00686 -0.82537 0.56444
1633434251 -16.36295 97.59836 -4.50050 -0.00985 -0.00718 -0.83198 0.55467
1633434252 -16.69169 97.75632 -4.49561 -0.00939 -0.00849 -0.83725 0.54667
1633434252 -17.13998 97.98097 -4.48900 -0.00875 -0.00991 -0.84319 0.53746
1633434252 -17.54327 98.19468 -4.48274 -0.00864 -0.00846 -0.84790 0.53002
1633434252 -17.95664 98.43180 -4.47898 -0.00791 -0.00769 -0.85449 0.51935
1633434253 -18.22741 98.59450 -4.47683 -0.00753 -0.00904 -0.85883 0.51212
1633434253 -18.49332 98.76240 -4.47337 -0.00830 -0.00950 -0.86328 0.50456
1633434253 -18.77015 98.93790 -4.46925 0.00817 0.00966 0.86798 -0.49644
1633434253 -19.04302 99.11612 -4.46719 0.00776 0.00979 0.87226 -0.48887
1633434253 -19.30147 99.29646 -4.46650 0.00707 0.00960 0.87664 -0.48099
1633434254 -19.58388 99.48936 -4.46540 0.00660 0.01015 0.88078 -0.47337
1633434254 -19.99219 99.78339 -4.46505 0.00599 0.01074 0.88642 -0.46273
1633434254 -20.39407 100.08786 -4.46341 0.00540 0.01047 0.89207 -0.45174
1633434255 -20.76648 100.38612 -4.46539 0.00419 0.01071 0.89730 -0.44128
1633434255 -21.12579 100.68183 -4.46623 0.00202 0.01101 0.90225 -0.43106
1633434255 -21.45199 100.96261 -4.46514 0.00105 0.01098 0.90614 -0.42284
1633434255 -21.75622 101.23406 -4.46672 0.00080 0.01119 0.90958 -0.41538
1633434256 -22.05882 101.52051 -4.46955 0.00194 0.01111 0.91341 -0.40687
1633434256 -22.37817 101.83178 -4.47433 0.00174 0.01135 0.91754 -0.39747
1633434256 -22.69824 102.16109 -4.48130 -0.00036 0.01075 0.92193 -0.38721
1633434257 -23.01844 102.50773 -4.48720 -0.00136 0.01042 0.92598 -0.37743
1633434257 -23.33941 102.86960 -4.49145 -0.00196 0.01016 0.93007 -0.36724
1633434257 -23.66648 103.25204 -4.49868 -0.00285 0.01044 0.93406 -0.35696
1633434258 -23.98515 103.63885 -4.50234 -0.00437 0.01016 0.93777 -0.34707
1633434258 -24.30434 104.03729 -4.50550 -0.00557 0.00999 0.94134 -0.33726
1633434258 -24.59989 104.42242 -4.50739 -0.00529 0.01029 0.94460 -0.32801
1633434258 -24.86938 104.79221 -4.51303 -0.00450 0.01007 0.94764 -0.31915
1633434259 -25.13484 105.15561 -4.52155 -0.00553 0.01050 0.95034 -0.31098
1633434259 -25.38004 105.50907 -4.52896 -0.00700 0.01020 0.95323 -0.30199
1633434259 -25.60577 105.84797 -4.53584 -0.00640 0.00994 0.95592 -0.29339
1633434260 -25.80813 106.17195 -4.54228 -0.00516 0.01016 0.95844 -0.28506
1633434260 -26.00265 106.48301 -4.54991 -0.00509 0.01003 0.96062 -0.27764
1633434260 -26.24102 106.88931 -4.55564 -0.00524 0.00913 0.96294 -0.26952
1633434261 -26.48662 107.32995 -4.55762 -0.00452 0.00835 0.96537 -0.26072
1633434261 -26.74471 107.81397 -4.56048 -0.00467 0.00851 0.96789 -0.25120
1633434262 -26.98037 108.29728 -4.56066 -0.00488 0.00929 0.97026 -0.24183
1633434262 -27.20993 108.77899 -4.56603 -0.00371 0.00847 0.97260 -0.23229
1633434262 -27.37277 109.15433 -4.56476 -0.00319 0.00692 0.97433 -0.22500
1633434263 -27.56102 109.58744 -4.56438 -0.00396 0.00661 0.97617 -0.21687
1633434263 -27.74530 110.04176 -4.56216 -0.00440 0.00681 0.97779 -0.20943
1633434263 -28.00452 110.69398 -4.56060 -0.00442 0.00786 0.98001 -0.19874
1633434264 -28.18978 111.18709 -4.56059 -0.00463 0.00778 0.98197 -0.18883
1633434264 -28.37390 111.70485 -4.56527 -0.00244 0.00621 0.98387 -0.17877
1633434264 -28.50132 112.07782 -4.56737 -0.00265 0.00621 0.98535 -0.17043
1633434264 -28.62616 112.46270 -4.56884 -0.00306 0.00753 0.98667 -0.16250
1633434265 -28.80269 113.04226 -4.56911 -0.00349 0.00686 0.98854 -0.15077
1633434265 -28.91241 113.43875 -4.56821 -0.00391 0.00679 0.98985 -0.14189
1633434265 -29.01701 113.84489 -4.57211 -0.00435 0.00745 0.99115 -0.13249
1633434265 -29.11862 114.26038 -4.57526 -0.00516 0.00764 0.99234 -0.12316
1633434265 -29.20830 114.67481 -4.57613 -0.00565 0.00761 0.99348 -0.11361
1633434266 -29.28732 115.08020 -4.57507 -0.00637 0.00812 0.99454 -0.10386
1633434266 -29.36798 115.49818 -4.57639 -0.00694 0.00893 0.99531 -0.09610
1633434266 -29.47525 116.11169 -4.57754 -0.00749 0.00876 0.99640 -0.08402
1633434266 -29.53582 116.51871 -4.57924 -0.00787 0.00827 0.99707 -0.07560
1633434266 -29.59174 116.93916 -4.58071 -0.00821 0.00811 0.99769 -0.06691
1633434267 -29.62295 117.32887 -4.58645 -0.00888 0.00834 0.99822 -0.05840
1633434267 -29.67162 117.69322 -4.58125 -0.00966 0.00803 0.99867 -0.05001
1633434267 -29.69446 118.06562 -4.58351 -0.01029 0.00784 0.99904 -0.04188
1633434267 -29.72270 118.39353 -4.57969 -0.01106 0.00773 0.99933 -0.03414
1633434268 -29.74108 118.95106 -4.58297 -0.01159 0.00770 0.99964 -0.02306
1633434268 -29.76927 119.49382 -4.58301 -0.01095 0.00714 0.99983 -0.01272
1633434268 -29.76839 120.03103 -4.57941 -0.01119 0.00772 0.99990 -0.00311
1633434268 -29.78249 120.50022 -4.57147 -0.01228 0.00774 0.99987 0.00642
1633434269 -29.76110 120.97754 -4.57001 -0.01291 0.00684 0.99972 0.01849
1633434269 -29.74229 121.27659 -4.57691 -0.01265 0.00606 0.99955 0.02644
1633434269 -29.70723 121.60561 -4.58439 -0.01265 0.00635 0.99930 0.03474
1633434269 -29.69320 121.88338 -4.57150 -0.01286 0.00646 0.99899 0.04247
1633434270 -29.65475 122.32553 -4.57113 -0.01298 0.00623 0.99862 0.05050
1633434270 -29.58768 123.01002 -4.56356 -0.01364 0.00585 0.99815 0.05902
1633434270 -29.52783 123.66561 -4.56664 -0.01450 0.00699 0.99760 0.06735
1633434271 -29.44688 124.28208 -4.56529 -0.01463 0.00366 0.99708 0.07480
1633434271 -29.39498 124.78296 -4.56283 -0.01477 0.00420 0.99661 0.08083
1633434272 -29.29252 125.45824 -4.54638 -0.01468 0.00510 0.99606 0.08730
1633434272 -29.14425 126.34895 -4.54501 -0.01405 0.00450 0.99538 0.09489
1633434273 -28.95165 127.45420 -4.53623 -0.01370 0.00567 0.99475 0.10121
1633434273 -28.74190 128.60704 -4.53411 -0.01265 0.00652 0.99420 0.10665
1633434274 -28.42079 130.16597 -4.53335 -0.01085 0.00679 0.99371 0.11124
1633434275 -28.06524 131.97085 -4.53067 -0.00940 0.00919 0.99336 0.11432
1633434276 -27.83340 133.08726 -4.52300 -0.00637 0.00846 0.99318 0.11608
1633434276 -27.49840 134.56746 -4.52422 -0.00449 0.01093 0.99230 0.12333
1633434277 -27.23310 135.63423 -4.53357 -0.00128 0.00980 0.99123 0.13175
1633434278 -26.95706 136.68889 -4.53535 -0.00035 0.01125 0.98980 0.14200
1633434278 -26.72439 137.54628 -4.54890 0.00282 0.00866 0.98871 0.14954
1633434279 -26.42217 138.62702 -4.55383 0.00258 0.01119 0.98740 0.15780
1633434279 -26.16546 139.48984 -4.56841 0.00442 0.00913 0.98618 0.16534
1633434280 -25.89297 140.40412 -4.57241 0.00545 0.01059 0.98482 0.17317
1633434280 -25.53303 141.44768 -4.57369 0.00712 0.00940 0.98331 0.18153
1633434281 -25.21666 142.39765 -4.59022 0.00822 0.01028 0.98218 0.18747
1633434281 -24.76922 143.62610 -4.59743 0.00909 0.01089 0.98076 0.19472
1633434282 -24.41129 144.57375 -4.61705 0.01056 0.01025 0.97953 0.20076
1633434283 -23.98041 145.64790 -4.62668 0.01158 0.00966 0.97832 0.20655
1633434294 -24.60925 144.05079 -4.62016 0.00796 0.00868 0.97835 0.20660
1633434294 -24.98022 143.21065 -4.55756 0.00750 0.01131 0.97994 0.19881
1633434295 -25.22974 142.65617 -4.56328 0.00799 0.01149 0.98163 0.19027
1633434295 -25.49266 142.06271 -4.53075 0.00716 0.01264 0.98322 0.18187
1633434296 -25.67859 141.61899 -4.53342 0.00799 0.01186 0.98473 0.17350
1633434296 -25.88545 141.15351 -4.52299 0.00667 0.01270 0.98625 0.16461
1633434296 -26.05040 140.75429 -4.53686 0.00770 0.01162 0.98771 0.15565
1633434297 -26.23800 140.25284 -4.51330 0.00783 0.01112 0.98904 0.14699
1633434297 -26.40559 139.77134 -4.51254 0.00758 0.01083 0.99047 0.13710
1633434298 -26.63545 139.11691 -4.46870 0.00650 0.01136 0.99179 0.12719
1633434299 -26.86633 138.28469 -4.44938 0.00663 0.01108 0.99298 0.11755
1633434300 -27.15084 137.03575 -4.40846 0.00649 0.01166 0.99384 0.11004
1633434302 -27.41181 135.35351 -4.36624 0.00587 0.01181 0.99395 0.10902
1633434303 -27.64708 133.66582 -4.34243 0.00358 0.01127 0.99380 0.11053
1633434305 -27.84069 132.30289 -4.32885 0.00049 0.01050 0.99332 0.11493
1633434306 -27.96058 131.17618 -4.31174 -0.00370 0.00965 0.99281 0.11927
1633434308 -28.06612 129.66771 -4.28033 -0.00629 0.00850 0.99344 0.11389
1633434309 -28.14314 129.47652 -4.33434 -0.00626 0.00753 0.99446 0.10465
1633434310 -28.20318 129.42949 -4.38816 -0.00708 0.00704 0.99549 0.09435
1633434311 -28.24329 129.19646 -4.40664 -0.00733 0.00650 0.99641 0.08411
1633434311 -28.28252 128.92753 -4.42103 -0.00764 0.00603 0.99720 0.07415
1633434312 -28.35831 128.15810 -4.40201 -0.00757 0.00578 0.99779 0.06576
1633434315 -28.47491 126.03108 -4.34144 -0.00811 0.00500 0.99756 0.06912
1633434316 -28.67416 124.67538 -4.32894 -0.00818 0.00539 0.99713 0.07507
1633434317 -28.90963 123.32471 -4.32594 -0.00841 0.00606 0.99666 0.08100
1633434318 -29.07718 122.11447 -4.32616 -0.00814 0.00653 0.99619 0.08657
1633434320 -29.21419 120.86893 -4.33355 -0.00703 0.00548 0.99576 0.09152
1633434322 -29.48269 118.81284 -4.31394 -0.00429 0.00577 0.99570 0.09239
1633434324 -29.78529 116.41491 -4.30034 -0.00336 0.00546 0.99576 0.09180
1633434326 -30.00162 114.54736 -4.30747 -0.00352 0.00425 0.99619 0.08700
1633434329 -30.24198 112.47647 -4.31623 -0.00473 0.00309 0.99612 0.08780
1633434331 -30.44838 110.91803 -4.31349 -0.00480 0.00421 0.99582 0.09111
1633434332 -30.59515 109.88280 -4.30741 -0.00662 0.00565 0.99534 0.09604
1633434334 -30.78388 108.66518 -4.31781 -0.00668 0.00452 0.99487 0.10083
1633434336 -31.08562 106.83758 -4.30679 -0.00783 0.00516 0.99490 0.10039
1633434339 -31.30790 105.38556 -4.31160 -0.00719 0.00879 0.99515 0.09768
1633434354 -31.33321 105.27069 -4.36386 0.00132 0.00002 0.99515 0.09838
1633434355 -31.23972 106.08819 -4.37414 0.00188 -0.00653 0.99518 0.09780
1633434356 -31.10354 107.18161 -4.49318 -0.00040 -0.00509 0.99572 0.09231
1633434357 -30.91261 109.51883 -4.85488 -0.00287 0.00019 0.99593 0.09008
1633434358 -30.64625 111.93742 -4.81589 -0.00304 0.00133 0.99588 0.09065
1633434360 -30.38488 114.64502 -4.72439 -0.00324 0.00236 0.99570 0.09260
1633434361 -30.14602 116.07852 -4.54929 -0.00079 0.00515 0.99567 0.09286
1633434362 -29.87097 118.24694 -4.49773 -0.00247 0.00768 0.99547 0.09472
1633434363 -29.69042 119.43507 -4.43208 -0.00381 0.00666 0.99497 0.09987
1633434364 -29.56207 120.52634 -4.43470 -0.00550 0.00854 0.99440 0.10521
1633434364 -29.39807 121.42659 -4.43624 -0.00544 0.00583 0.99373 0.11151
1633434365 -29.20736 122.07499 -4.38454 -0.00578 0.00793 0.99242 0.12250
1633434365 -29.10673 122.31629 -4.36808 -0.00474 0.00770 0.99148 0.12991
1633434365 -29.01970 122.38059 -4.31711 -0.00377 0.00598 0.99047 0.13753
1633434366 -28.87362 122.97281 -4.28281 -0.00382 0.00637 0.98925 0.14603
1633434366 -28.74020 123.36820 -4.27090 -0.00365 0.00884 0.98760 0.15669
1633434366 -28.58432 123.85987 -4.27765 -0.00213 0.01019 0.98564 0.16854
1633434366 -28.48263 124.13611 -4.27720 -0.00087 0.00992 0.98423 0.17661
1633434367 -28.34599 124.50534 -4.27795 -0.00056 0.00890 0.98264 0.18533
1633434367 -28.21303 124.81602 -4.26829 -0.00119 0.00918 0.98076 0.19499
1633434367 -28.05441 125.17031 -4.26520 -0.00154 0.01169 0.97859 0.20549
1633434367 -27.87630 125.56862 -4.25673 -0.00145 0.01317 0.97631 0.21599
1633434367 -27.71075 125.91284 -4.24542 -0.00130 0.01371 0.97369 0.22748
1633434368 -27.52431 126.23672 -4.25434 0.00060 0.01446 0.97085 0.23923
1633434368 -27.34417 126.53450 -4.25328 0.00314 0.01531 0.96766 0.25179
1633434368 -27.11873 126.90869 -4.24642 0.00527 0.01489 0.96419 0.26475
1633434368 -26.88534 127.27492 -4.23830 0.00672 0.01507 0.96049 0.27782
1633434368 -26.64294 127.62971 -4.23329 0.00753 0.01560 0.95656 0.29102
1633434369 -26.39518 127.97196 -4.23363 0.00720 0.01623 0.95217 0.30505
1633434369 -26.11893 128.33674 -4.23795 0.00558 0.01827 0.94669 0.32158
1633434369 -25.97689 128.50040 -4.24231 0.00526 0.01922 0.94350 0.33078
1633434369 -25.83431 128.65340 -4.23958 0.00505 0.01970 0.94035 0.33959
1633434369 -25.67727 128.82267 -4.23729 0.00551 0.01950 0.93703 0.34865
1633434369 -25.53306 128.97060 -4.23653 0.00600 0.01908 0.93392 0.35693
1633434369 -25.37452 129.13085 -4.23610 0.00678 0.01883 0.93073 0.36516
1633434369 -25.22034 129.28284 -4.23774 0.00702 0.01892 0.92745 0.37341
1633434370 -25.06188 129.43340 -4.24101 0.00660 0.01949 0.92372 0.38251
1633434370 -24.90495 129.57474 -4.24516 0.00581 0.02024 0.91977 0.39188
1633434370 -24.74210 129.71608 -4.25037 0.00566 0.02042 0.91573 0.40124
1633434370 -24.58482 129.84788 -4.25397 0.00590 0.02034 0.91193 0.40980
1633434370 -24.42250 129.97857 -4.25728 0.00605 0.02000 0.90799 0.41848
1633434370 -24.26193 130.10129 -4.26089 0.00600 0.01952 0.90394 0.42717
1633434370 -24.08840 130.22999 -4.26369 0.00653 0.01931 0.89946 0.43652
1633434370 -23.91779 130.35061 -4.26603 0.00757 0.01930 0.89508 0.44541
1633434370 -23.74576 130.46651 -4.26997 0.00840 0.01921 0.89070 0.45411
1633434370 -23.58232 130.57324 -4.27391 0.00909 0.01908 0.88629 0.46266
1633434371 -23.41588 130.67977 -4.27600 0.00946 0.01909 0.88153 0.47166
1633434371 -23.25219 130.77831 -4.27834 0.00936 0.01866 0.87677 0.48046
1633434371 -23.08108 130.87495 -4.28213 0.00917 0.01798 0.87190 0.48927
1633434371 -22.91644 130.96174 -4.28577 0.00886 0.01736 0.86717 0.49762
1633434371 -22.74647 131.04855 -4.28892 0.00841 0.01696 0.86211 0.50637
1633434371 -22.58483 131.12686 -4.29012 0.00814 0.01714 0.85717 0.51468
1633434371 -22.41061 131.20734 -4.29159 0.00805 0.01743 0.85210 0.52303
1633434371 -22.24161 131.28037 -4.29278 0.00805 0.01745 0.84708 0.53112
1633434371 -22.06839 131.35206 -4.29308 0.00798 0.01762 0.84165 0.53968
1633434371 -21.90782 131.41264 -4.29196 0.00785 0.01783 0.83635 0.54785
1633434372 -21.57793 131.53653 -4.29080 0.00796 0.01802 0.82563 0.56387
1633434372 -21.25876 131.63877 -4.28553 0.00770 0.01752 0.81484 0.57937
1633434372 -21.09346 131.68402 -4.28414 0.00742 0.01756 0.80912 0.58734
1633434372 -20.76318 131.77642 -4.28676 0.00716 0.01780 0.79779 0.60264
1633434372 -20.60879 131.80856 -4.28588 0.00682 0.01809 0.79204 0.61016
1633434372 -20.44821 131.83816 -4.28476 0.00633 0.01840 0.78605 0.61786
1633434372 -20.28798 131.86551 -4.28173 0.00625 0.01856 0.78009 0.62537
1633434373 -20.12032 131.89236 -4.27782 0.00645 0.01870 0.77402 0.63286
1633434373 -19.96220 131.91547 -4.27414 0.00656 0.01888 0.76808 0.64004
1633434373 -19.79763 131.93707 -4.27096 0.00657 0.01910 0.76176 0.64755
1633434373 -19.63594 131.95433 -4.26851 0.00648 0.01893 0.75542 0.65493
1633434373 -19.29266 131.98663 -4.26897 0.00569 0.01841 0.74243 0.66965
1633434373 -18.93742 132.00507 -4.27422 0.00603 0.01750 0.72912 0.68414
1633434373 -18.75073 132.00556 -4.27678 0.00628 0.01729 0.72220 0.69144
1633434374 -18.37364 132.00588 -4.28219 0.00611 0.01761 0.70816 0.70581
1633434374 -18.18251 131.99694 -4.28363 0.00641 0.01768 0.70107 0.71285
1633434374 -17.99824 131.98700 -4.28286 0.00652 0.01793 0.69388 0.71984
1633434374 -17.68053 131.97084 -4.27730 0.00629 0.01870 0.67947 0.73344
1633434374 -17.37615 131.93583 -4.27144 0.00581 0.01892 0.66470 0.74685
1633434374 -17.22285 131.90506 -4.26856 0.00550 0.01900 0.65725 0.75341
1633434374 -16.91673 131.83642 -4.26472 0.00461 0.01951 0.64240 0.76611
1633434375 -16.59538 131.74956 -4.26497 0.00456 0.01890 0.62704 0.77875
1633434375 -16.26009 131.63976 -4.26383 0.00365 0.01802 0.61164 0.79092
1633434375 -16.08656 131.57136 -4.26304 0.00297 0.01776 0.60360 0.79709
1633434375 -15.74137 131.43575 -4.26269 0.00293 0.01804 0.58693 0.80943
1633434375 -15.38807 131.28374 -4.26265 0.00303 0.01799 0.57027 0.82126
1633434375 -15.21871 131.19917 -4.26140 0.00289 0.01769 0.56214 0.82685
1633434376 -15.05343 131.11197 -4.25932 0.00270 0.01737 0.55381 0.83246
1633434376 -14.88994 131.02055 -4.25770 0.00243 0.01694 0.54561 0.83786
1633434376 -14.72421 130.92513 -4.25601 0.00226 0.01690 0.53714 0.84332
1633434376 -14.41560 130.74200 -4.25288 0.00183 0.01755 0.51972 0.85415
1633434376 -14.27083 130.64248 -4.25170 0.00160 0.01796 0.51089 0.85946
1633434376 -13.98748 130.43794 -4.24751 0.00146 0.01828 0.49338 0.86962
1633434376 -13.71930 130.22849 -4.23890 0.00127 0.01775 0.47585 0.87935
1633434377 -13.58834 130.11533 -4.23352 0.00090 0.01757 0.46698 0.88409
1633434377 -13.45825 129.99754 -4.22877 0.00064 0.01750 0.45777 0.88890
1633434377 -13.20200 129.75611 -4.22178 0.00076 0.01760 0.43897 0.89833
1633434377 -13.06734 129.61798 -4.21776 0.00092 0.01746 0.42944 0.90292
1633434377 -12.79921 129.33093 -4.20977 0.00061 0.01697 0.41094 0.91151
1633434377 -12.66224 129.17375 -4.20567 0.00032 0.01666 0.40160 0.91566
1633434377 -12.40292 128.86599 -4.19750 -0.00046 0.01657 0.38262 0.92376
1633434378 -12.27472 128.69911 -4.19316 -0.00079 0.01677 0.37293 0.92771
1633434378 -12.15166 128.53101 -4.18905 -0.00097 0.01677 0.36328 0.93153
1633434378 -12.02802 128.35405 -4.18526 -0.00109 0.01659 0.35361 0.93525
1633434378 -11.79093 127.99408 -4.17806 -0.00129 0.01601 0.33466 0.94220
1633434378 -11.68418 127.81682 -4.17305 -0.00163 0.01578 0.32513 0.94554
1633434378 -11.59139 127.65251 -4.16622 -0.00194 0.01554 0.31546 0.94881
1633434378 -11.50751 127.49575 -4.15869 -0.00219 0.01557 0.30600 0.95190
1633434378 -11.42783 127.33989 -4.15140 -0.00232 0.01565 0.29640 0.95493
1633434378 -11.35070 127.18114 -4.14443 -0.00249 0.01578 0.28683 0.95785
1633434379 -11.19910 126.85015 -4.13289 -0.00286 0.01591 0.26778 0.96334
1633434379 -11.12997 126.68131 -4.12607 -0.00308 0.01597 0.25823 0.96595
1633434379 -11.06671 126.51768 -4.11874 -0.00335 0.01580 0.24861 0.96847
1633434379 -10.95001 126.19840 -4.10398 -0.00364 0.01549 0.22945 0.97319
1633434379 -10.89129 126.02418 -4.09634 -0.00357 0.01539 0.21984 0.97541
1633434379 -10.78278 125.66125 -4.08330 -0.00369 0.01544 0.20060 0.97954
1633434379 -10.72930 125.46263 -4.07573 -0.00368 0.01524 0.19104 0.98146
1633434380 -10.67757 125.25803 -4.06813 -0.00374 0.01521 0.18154 0.98326
1633434380 -10.62900 125.05334 -4.06069 -0.00381 0.01519 0.17197 0.98498
1633434380 -10.54902 124.66474 -4.04625 -0.00385 0.01513 0.15297 0.98811
1633434380 -10.51680 124.47892 -4.03819 -0.00380 0.01495 0.14359 0.98952
1633434380 -10.48998 124.30006 -4.03012 -0.00387 0.01481 0.13418 0.99084
1633434380 -10.46710 124.12549 -4.02192 -0.00398 0.01467 0.12473 0.99207
1633434380 -10.43602 123.79605 -4.00535 -0.00417 0.01440 0.10606 0.99425
1633434380 -10.42364 123.62872 -3.99669 -0.00430 0.01425 0.09700 0.99517
1633434381 -10.41468 123.46096 -3.98818 -0.00435 0.01412 0.08791 0.99602
1633434381 -10.40855 123.28394 -3.97964 -0.00439 0.01397 0.07887 0.99678
1633434381 -10.40574 123.10256 -3.97149 -0.00453 0.01384 0.06990 0.99745
1633434381 -10.40615 122.91854 -3.96316 -0.00465 0.01369 0.06093 0.99804
1633434381 -10.40952 122.73315 -3.95462 -0.00471 0.01343 0.05214 0.99854
1633434381 -10.41527 122.54822 -3.94617 -0.00477 0.01317 0.04356 0.99895
1633434381 -10.42329 122.36488 -3.93730 -0.00476 0.01309 0.03523 0.99928
1633434381 -10.43141 122.19492 -3.92858 -0.00465 0.01301 0.02716 0.99954
1633434381 -10.44479 122.01059 -3.91982 -0.00457 0.01293 0.01927 0.99972
1633434381 -10.45869 121.84263 -3.91140 -0.00450 0.01285 0.01177 0.99984
1633434382 -10.49360 121.53073 -3.89465 -0.00469 0.01264 -0.00260 0.99991
1633434382 -10.53447 121.22985 -3.87710 -0.00499 0.01275 -0.01613 0.99978
1633434382 -10.57804 120.94423 -3.86020 -0.00488 0.01269 -0.02871 0.99950
1633434382 -10.62505 120.67500 -3.84180 -0.00491 0.01248 -0.04015 0.99910
1633434382 -10.67432 120.41097 -3.82336 -0.00530 0.01239 -0.05038 0.99864
1633434383 -10.72454 120.14660 -3.80619 -0.00562 0.01237 -0.05965 0.99813
1633434383 -10.77860 119.89085 -3.78848 -0.00566 0.01241 -0.06865 0.99755
1633434383 -10.83782 119.63109 -3.76994 -0.00599 0.01215 -0.07626 0.99700
1633434383 -10.93258 119.23435 -3.74345 -0.00603 0.01213 -0.08707 0.99611
1633434384 -11.01817 118.86840 -3.71516 -0.00622 0.01220 -0.09605 0.99528
1633434384 -11.11497 118.47553 -3.68651 -0.00651 0.01222 -0.10390 0.99449
1633434384 -11.25565 117.93358 -3.64733 -0.00697 0.01178 -0.11183 0.99363
1633434385 -11.41717 117.24829 -3.59798 -0.00738 0.01179 -0.11683 0.99305
1633434386 -11.67309 115.97922 -3.51000 -0.00797 0.01178 -0.11308 0.99348
1633434386 -11.77864 115.34602 -3.47045 -0.00804 0.01210 -0.10627 0.99423
1633434387 -11.85990 114.71650 -3.43112 -0.00751 0.01301 -0.09975 0.99490
1633434387 -12.08747 113.43484 -3.34293 -0.00681 0.01284 -0.10774 0.99407
1633434388 -12.20146 112.97876 -3.31176 -0.00665 0.01290 -0.11698 0.99303
1633434388 -12.30819 112.50819 -3.28443 -0.00781 0.01243 -0.12732 0.99175
1633434388 -12.43437 112.04249 -3.25247 -0.00748 0.01175 -0.13518 0.99072
1633434389 -12.66904 111.03600 -3.18704 -0.00745 0.01211 -0.13762 0.99038
1633434389 -12.87293 109.95968 -3.11989 -0.00724 0.01187 -0.13213 0.99114
1633434390 -13.12816 108.60909 -3.03726 -0.00637 0.01324 -0.13710 0.99045
1633434390 -13.26584 107.99620 -3.00060 -0.00740 0.01251 -0.14650 0.98910
1633434391 -13.37300 107.56164 -2.97588 -0.00694 0.01229 -0.15400 0.98797
1633434391 -13.50513 107.16468 -2.95063 -0.00689 0.01237 -0.16272 0.98657
1633434391 -13.64922 106.74013 -2.92396 -0.00769 0.01179 -0.16987 0.98537
1633434391 -13.87471 106.03789 -2.88399 -0.00702 0.01175 -0.17827 0.98389
1633434392 -14.12008 105.27538 -2.84203 -0.00688 0.01181 -0.18665 0.98233
1633434392 -14.38447 104.48502 -2.80010 -0.00697 0.01142 -0.19523 0.98067
1633434392 -14.67076 103.65261 -2.75588 -0.00673 0.01080 -0.20370 0.97895
1633434393 -14.98772 102.81086 -2.71158 -0.00725 0.01111 -0.21208 0.97716
1633434393 -15.45481 101.58814 -2.64874 -0.00677 0.01113 -0.22135 0.97511
1633434393 -15.95477 100.30469 -2.58656 -0.00709 0.01132 -0.22712 0.97378
1633434394 -16.60981 98.63766 -2.50388 -0.00761 0.01113 -0.23031 0.97302
1633434394 -17.40930 96.55361 -2.39889 -0.00915 0.00929 -0.22734 0.97373
1633434395 -17.80634 95.46347 -2.34636 -0.00901 0.00837 -0.21932 0.97558
1633434395 -18.18208 94.37170 -2.29584 -0.00811 0.00876 -0.20850 0.97795
1633434395 -18.53720 93.23980 -2.24689 -0.00706 0.00884 -0.19471 0.98080
1633434396 -18.76781 92.48013 -2.21703 -0.00558 0.00870 -0.18460 0.98276
1633434396 -18.98138 91.72396 -2.18712 -0.00483 0.00826 -0.17327 0.98483
1633434396 -19.17751 90.93492 -2.15783 -0.00427 0.00805 -0.16108 0.98690
1633434396 -19.35313 90.15668 -2.12975 -0.00345 0.00838 -0.14796 0.98895
1633434396 -19.50894 89.36464 -2.10214 -0.00290 0.00875 -0.13438 0.99089
1633434397 -19.64853 88.57138 -2.07511 -0.00197 0.00825 -0.12075 0.99265
1633434397 -19.76602 87.76357 -2.04965 -0.00049 0.00811 -0.10716 0.99421
1633434397 -19.86536 86.97317 -2.02361 0.00034 0.00695 -0.09329 0.99561
1633434397 -19.93541 86.18741 -1.99762 0.00087 0.00691 -0.07943 0.99682
1633434397 -19.98403 85.42200 -1.97457 0.00184 0.00690 -0.06591 0.99780
1633434398 -20.01212 84.66874 -1.95197 0.00274 0.00670 -0.05218 0.99861
1633434398 -20.02284 83.92949 -1.93265 0.00373 0.00590 -0.03810 0.99925
1633434398 -20.01824 83.19834 -1.91382 0.00445 0.00471 -0.02439 0.99968
1633434398 -19.99293 82.48456 -1.89391 0.00499 0.00295 -0.00989 0.99993
1633434398 -19.94640 81.81096 -1.87765 0.00589 0.00268 0.00540 0.99996
1633434399 -19.89560 81.18421 -1.85774 0.00655 0.00299 0.01863 0.99980
1633434399 -19.83821 80.59515 -1.83682 0.00633 0.00307 0.02842 0.99957
1633434399 -19.77531 80.04745 -1.81976 0.00570 0.00137 0.03828 0.99925
1633434399 -19.70626 79.51705 -1.80351 0.00563 -0.00070 0.04662 0.99890
1633434399 -19.59523 78.72853 -1.77990 0.00566 -0.00265 0.05890 0.99824
1633434400 -19.46835 77.96788 -1.75721 0.00517 -0.00166 0.07093 0.99747
1633434400 -19.32895 77.24221 -1.73707 0.00465 -0.00067 0.08241 0.99659
1633434400 -19.18110 76.48521 -1.71647 0.00260 -0.00227 0.09293 0.99567
1633434401 -19.06648 75.98401 -1.70372 0.00109 -0.00426 0.10022 0.99496
1633434401 -18.93147 75.46599 -1.68892 0.00209 -0.00520 0.10779 0.99416
1633434401 -18.70367 74.63233 -1.66610 0.00179 -0.00475 0.11897 0.99289
1633434401 -18.43464 73.71933 -1.64400 0.00078 -0.00471 0.13063 0.99142
1633434402 -18.21679 73.13989 -1.62773 0.00129 -0.00450 0.13824 0.99039
1633434402 -17.87494 72.15078 -1.60446 0.00092 -0.00446 0.14959 0.98874
1633434402 -17.48538 71.14392 -1.57965 0.00082 -0.00468 0.16041 0.98704
1633434402 -17.06002 70.09515 -1.55766 0.00137 -0.00522 0.17041 0.98536
1633434403 -16.59557 69.03109 -1.52951 0.00134 -0.00640 0.17941 0.98375
1633434403 -15.93773 67.49932 -1.50112 0.00230 -0.00740 0.19042 0.98167
1633434404 -15.24286 65.90977 -1.47271 0.00402 -0.00660 0.19981 0.97980
1633434404 -14.52162 64.36720 -1.44232 0.00372 -0.00630 0.20746 0.97822
1633434404 -13.79159 62.84256 -1.41540 0.00308 -0.00624 0.21410 0.97679
1633434405 -12.69211 60.56889 -1.36890 0.00184 -0.00592 0.22063 0.97534
1633434405 -11.72357 58.63342 -1.33349 0.00006 -0.00690 0.22239 0.97493
1633434406 -10.44843 56.10800 -1.29222 0.00110 -0.00555 0.22066 0.97533
1633434407 -9.30470 53.81743 -1.24601 -0.00009 -0.00549 0.21531 0.97653
1633434407 -8.57708 52.41333 -1.22697 -0.00235 -0.00544 0.20952 0.97779
1633434407 -7.61355 50.46618 -1.18079 -0.00229 -0.00579 0.20244 0.97927
1633434408 -6.66727 48.49438 -1.13386 -0.00055 -0.00728 0.19568 0.98064
1633434408 -5.91597 46.99071 -1.09028 -0.00245 -0.00665 0.19050 0.98166
1633434408 -5.21389 45.52155 -1.05562 -0.00202 -0.00578 0.18462 0.98279
1633434409 -4.53461 44.01987 -1.01588 -0.00216 -0.00523 0.17866 0.98390
1633434409 -3.92265 42.53486 -0.98610 -0.00084 -0.00729 0.17249 0.98498
1633434409 -3.33354 41.03729 -0.95324 -0.00087 -0.00778 0.16545 0.98619
1633434409 -2.75924 39.53536 -0.92933 0.00016 -0.00937 0.15916 0.98721
1633434410 -2.02667 37.56611 -0.89383 0.00176 -0.00761 0.15033 0.98860
1633434410 -1.32802 35.62466 -0.86846 0.00293 -0.00708 0.14230 0.98979
1633434411 -0.83756 34.22246 -0.84803 0.00321 -0.00680 0.13617 0.99066
1633434411 -0.27518 32.50206 -0.82345 0.00331 -0.00693 0.12948 0.99155
1633434411 0.23085 30.88051 -0.80486 0.00304 -0.00759 0.12311 0.99236
1633434412 0.73199 29.05381 -0.77813 0.00213 -0.00828 0.11522 0.99330
1633434412 1.14561 27.35789 -0.75610 0.00232 -0.00827 0.10799 0.99411
1633434413 1.51350 25.73337 -0.73066 0.00221 -0.00813 0.09980 0.99497
1633434413 1.76987 24.49336 -0.71698 0.00178 -0.00882 0.09261 0.99566
1633434414 2.09590 22.93505 -0.68423 0.00142 -0.00860 0.08346 0.99647
1633434414 2.39049 21.40990 -0.65041 0.00099 -0.00923 0.07355 0.99725
1633434415 2.59077 20.23371 -0.61101 0.00032 -0.00917 0.06539 0.99782
1633434415 2.77140 19.07535 -0.57175 0.00042 -0.00877 0.05695 0.99834
1633434415 2.97145 17.83972 -0.53614 0.00056 -0.00903 0.04735 0.99884
1633434416 3.10988 16.91628 -0.51968 0.00040 -0.00866 0.03949 0.99918
1633434416 3.21763 16.03892 -0.50534 0.00029 -0.00804 0.03152 0.99947
1633434416 3.28381 15.23704 -0.48653 0.00053 -0.00773 0.02362 0.99969
1633434417 3.34832 14.38762 -0.46709 -0.00072 -0.00809 0.01562 0.99984
1633434417 3.39375 13.55344 -0.44992 -0.00017 -0.00723 0.00680 0.99995
1633434417 3.42906 12.69385 -0.43564 -0.00134 -0.00674 -0.00208 0.99997
1633434418 3.44603 11.84334 -0.42176 -0.00148 -0.00654 -0.01116 0.99992
1633434418 3.43966 11.03669 -0.40638 -0.00238 -0.00656 -0.01914 0.99979
1633434418 3.42041 10.25397 -0.39221 -0.00240 -0.00581 -0.02543 0.99966
1633434419 3.39247 9.18162 -0.37067 -0.00248 -0.00460 -0.03209 0.99947
1633434419 3.35208 8.11523 -0.35124 -0.00225 -0.00393 -0.03762 0.99928
1633434419 3.30120 7.05595 -0.33358 -0.00206 -0.00224 -0.04208 0.99911
1633434420 3.23386 6.03474 -0.31848 -0.00168 -0.00109 -0.04598 0.99894
1633434420 3.16388 4.96546 -0.30381 -0.00124 -0.00017 -0.05017 0.99874
1633434421 3.06660 3.98162 -0.29092 -0.00080 0.00133 -0.05619 0.99842
1633434421 2.97554 3.22340 -0.28361 -0.00059 0.00231 -0.06257 0.99804
1633434421 2.87232 2.40830 -0.27767 -0.00019 0.00341 -0.07146 0.99744
1633434421 2.79481 1.84802 -0.27450 0.00008 0.00404 -0.07878 0.99688
1633434422 2.70762 1.26994 -0.26994 0.00021 0.00454 -0.08753 0.99615
1633434422 2.60930 0.68610 -0.26711 0.00042 0.00487 -0.09743 0.99523
1633434422 2.49723 0.08927 -0.26158 0.00065 0.00500 -0.10853 0.99408
1633434422 2.37780 -0.50357 -0.25659 0.00059 0.00514 -0.12059 0.99269
1633434422 2.23934 -1.11095 -0.25345 0.00056 0.00526 -0.13352 0.99103
1633434423 2.08669 -1.70077 -0.24914 0.00086 0.00549 -0.14690 0.98914
1633434423 1.91199 -2.28339 -0.24476 0.00088 0.00534 -0.16041 0.98704
1633434423 1.73532 -2.84771 -0.24135 0.00088 0.00553 -0.17390 0.98475
1633434423 1.53623 -3.43263 -0.24131 0.00124 0.00578 -0.18751 0.98224
1633434423 1.32362 -3.93638 -0.24087 0.00233 0.00577 -0.20263 0.97924
1633434424 1.11966 -4.39852 -0.23065 0.00223 0.00412 -0.21489 0.97663
1633434424 0.92297 -4.82326 -0.22651 0.00119 0.00288 -0.22388 0.97461
1633434424 0.71778 -5.22090 -0.22071 0.00027 0.00267 -0.23301 0.97247
1633434424 0.51635 -5.60230 -0.21349 -0.00006 0.00241 -0.23980 0.97082
1633434424 0.22128 -6.17028 -0.20575 -0.00014 0.00237 -0.24785 0.96880
1633434425 -0.06881 -6.67837 -0.19724 -0.00035 0.00186 -0.25592 0.96670
1633434425 -0.34317 -7.15228 -0.18755 -0.00058 0.00085 -0.26181 0.96512
1633434425 -0.69602 -7.73074 -0.18362 -0.00038 0.00023 -0.26755 0.96354
1633434426 -1.08921 -8.37555 -0.16493 -0.00047 -0.00023 -0.27293 0.96203
1633434427 -1.52910 -9.08973 -0.15002 -0.00081 -0.00173 -0.27721 0.96081
1633434427 -1.95113 -9.74610 -0.13422 -0.00002 -0.00387 -0.28052 0.95984
1633434428 -2.04356 -9.81004 -0.11507 -0.00145 -0.00347 -0.27971 0.96008
