1633433987 0.48875 -1.87288 0.05321 -0.01066 -0.02785 -0.10782 0.99372
1633433988 0.49698 -2.10692 0.06826 -0.00755 -0.03638 -0.11572 0.99259
1633433988 0.54301 -2.15670 0.07293 -0.00513 -0.04294 -0.12346 0.99141
1633433989 0.54439 -2.32854 0.07986 -0.00168 -0.04312 -0.13119 0.99042
1633433989 0.55419 -2.49116 0.07591 0.00442 -0.03686 -0.13871 0.98964
1633433989 0.53623 -2.70483 0.07944 0.00599 -0.02037 -0.14640 0.98900
1633433990 0.52680 -2.87834 0.08912 0.00519 -0.01665 -0.15418 0.98789
1633433990 0.51632 -3.09306 0.09639 0.00462 -0.01556 -0.16188 0.98668
1633433991 0.48848 -3.32391 0.10157 0.00333 -0.01515 -0.16929 0.98544
1633433991 0.46049 -3.56787 0.11611 0.00344 -0.01601 -0.17730 0.98402
1633433992 0.42170 -3.85621 0.12958 0.00262 -0.01628 -0.18380 0.98283
1633433992 0.43178 -4.09753 0.15926 0.00230 -0.01556 -0.18919 0.98182
1633433994 0.44791 -4.38799 0.20254 0.00153 -0.01753 -0.19345 0.98095
1633433995 0.26163 -5.11588 0.26423 0.00208 -0.02025 -0.19527 0.98054
1633433996 -0.11424 -6.14333 0.33083 0.00270 -0.02211 -0.19446 0.98066
1633433997 -0.24775 -6.33238 0.38414 0.00367 -0.02292 -0.19405 0.98072
1633433997 -0.29316 -6.41942 0.40197 0.00204 -0.02188 -0.19457 0.98064
1633434010 -3.45030 -15.76987 0.61649 -0.00086 -0.02159 -0.20146 0.97926
1633434011 -3.34167 -15.47189 0.39482 -0.00136 -0.01238 -0.20719 0.97822
1633434012 -3.15758 -15.03666 0.28535 -0.00308 -0.01340 -0.21635 0.97622
1633434012 -3.07874 -14.13768 0.21805 -0.00572 -0.01457 -0.22116 0.97511
1633434013 -3.00310 -13.80250 0.24856 -0.00386 -0.01234 -0.22901 0.97334
1633434013 -2.96078 -13.55725 0.25803 -0.00229 -0.01361 -0.23662 0.97150
1633434013 -3.06089 -13.55091 0.28164 -0.00300 -0.01482 -0.24473 0.96947
1633434013 -3.43067 -14.26484 0.28535 -0.00342 -0.01324 -0.25528 0.96677
1633434014 -3.40471 -13.92560 0.25913 -0.00112 -0.01367 -0.26222 0.96491
1633434014 -3.64653 -14.26572 0.20217 0.00036 -0.01441 -0.27160 0.96230
1633434014 -3.82479 -14.58722 0.20816 -0.00082 -0.01487 -0.28097 0.95960
1633434014 -4.03747 -14.92106 0.18169 -0.00074 -0.01479 -0.28686 0.95786
1633434015 -4.33730 -15.40336 0.17886 0.00015 -0.01478 -0.29522 0.95531
1633434015 -4.66607 -15.96793 0.15395 -0.00044 -0.01459 -0.30316 0.95283
1633434015 -5.00644 -16.49759 0.15122 -0.00149 -0.01551 -0.31069 0.95038
1633434016 -5.36395 -17.04725 0.14901 -0.00304 -0.01474 -0.31831 0.94787
1633434016 -5.78730 -17.66989 0.14046 -0.00404 -0.01373 -0.32563 0.94539
1633434016 -6.24536 -18.31862 0.12903 -0.00593 -0.01289 -0.33244 0.94302
1633434017 -6.73280 -18.91564 0.14158 -0.00609 -0.01392 -0.33748 0.94121
1633434017 -7.22018 -19.49647 0.17267 -0.00630 -0.01629 -0.34271 0.93928
1633434017 -7.53281 -19.83439 0.22007 -0.00697 -0.01896 -0.34732 0.93753
1633434017 -7.79211 -20.15039 0.25496 -0.00630 -0.01850 -0.35182 0.93586
1633434018 -8.06683 -20.49504 0.29661 -0.00496 -0.02036 -0.35527 0.93453
1633434018 -8.45778 -20.99042 0.32612 -0.00245 -0.02034 -0.35885 0.93317
1633434018 -8.95700 -21.61668 0.30667 -0.00041 -0.02295 -0.36193 0.93192
1633434019 -9.38212 -22.15764 0.29596 -0.00059 -0.02132 -0.36494 0.93079
1633434019 -9.76555 -22.63453 0.28222 -0.00221 -0.02172 -0.36726 0.92986
1633434019 -10.15572 -23.12754 0.27124 -0.00291 -0.02103 -0.36989 0.92883
1633434020 -10.48983 -23.54171 0.25646 -0.00606 -0.02148 -0.37294 0.92759
1633434020 -10.67300 -23.76295 0.25551 -0.00744 -0.02077 -0.37535 0.92662
1633434020 -11.06201 -24.22269 0.26133 -0.00711 -0.02211 -0.37867 0.92524
1633434020 -11.45866 -24.68507 0.27038 -0.00608 -0.02100 -0.38283 0.92356
1633434021 -11.92508 -25.21757 0.27691 -0.00492 -0.01999 -0.38756 0.92161
1633434021 -12.40972 -25.75177 0.28453 -0.00255 -0.01780 -0.39303 0.91935
1633434021 -12.83971 -26.18264 0.29571 -0.00081 -0.01690 -0.39903 0.91678
1633434022 -13.36447 -26.70647 0.30556 -0.00148 -0.01364 -0.40590 0.91382
1633434022 -13.79027 -27.13438 0.31413 -0.00226 -0.01257 -0.41037 0.91183
1633434022 -14.24989 -27.59121 0.32371 -0.00144 -0.01126 -0.41518 0.90967
1633434022 -14.85739 -28.20150 0.33319 -0.00089 -0.00982 -0.42004 0.90745
1633434022 -15.40805 -28.71769 0.33776 -0.00054 -0.00854 -0.42469 0.90530
1633434023 -16.01094 -29.28799 0.34232 -0.00023 -0.00700 -0.42927 0.90315
1633434023 -16.63018 -29.86142 0.34780 0.00208 -0.00595 -0.43351 0.90113
1633434023 -17.53085 -30.65203 0.34829 0.00627 -0.00448 -0.43915 0.89838
1633434023 -18.41130 -31.39561 0.34288 0.00856 -0.00323 -0.44442 0.89577
1633434024 -19.23575 -32.05863 0.33218 0.00974 -0.00255 -0.44890 0.89353
1633434024 -20.14803 -32.80255 0.31703 0.01089 -0.00150 -0.45279 0.89155
1633434024 -21.04083 -33.52343 0.29943 0.01280 -0.00011 -0.45634 0.88971
1633434025 -21.95166 -34.25455 0.28101 0.01309 0.00163 -0.45988 0.88788
1633434025 -22.85580 -34.97236 0.26333 0.01341 0.00282 -0.46342 0.88603
1633434025 -23.73154 -35.66424 0.24723 0.01416 0.00320 -0.46699 0.88414
1633434025 -24.54801 -36.30142 0.23556 0.01349 0.00481 -0.47053 0.88227
1633434026 -25.38598 -36.94545 0.22218 0.01422 0.00532 -0.47415 0.88032
1633434026 -26.19333 -37.53737 0.21665 0.01605 0.00444 -0.47808 0.87816
1633434026 -27.10769 -38.21602 0.20486 0.01551 0.00456 -0.48242 0.87579
1633434027 -28.00420 -38.86407 0.19304 0.01556 0.00430 -0.48668 0.87343
1633434027 -28.90538 -39.50261 0.18230 0.01756 0.00304 -0.49097 0.87099
1633434027 -29.76743 -40.11349 0.17009 0.01748 0.00373 -0.49524 0.86857
1633434028 -30.67165 -40.73730 0.16059 0.01678 0.00432 -0.49888 0.86650
1633434028 -31.47558 -41.28657 0.16222 0.01643 0.00503 -0.50196 0.86472
1633434028 -32.18822 -41.76216 0.16716 0.01785 0.00464 -0.50406 0.86347
1633434028 -33.09139 -42.37823 0.15469 0.01844 0.00471 -0.50574 0.86248
1633434029 -34.03445 -43.02018 0.12462 0.01857 0.00416 -0.50695 0.86177
1633434029 -34.89272 -43.61350 0.11633 0.01813 0.00422 -0.50750 0.86145
1633434029 -35.83047 -44.26503 0.08821 0.01930 0.00170 -0.50703 0.86171
1633434030 -36.83438 -44.97479 0.05312 0.01993 0.00041 -0.50656 0.86198
1633434030 -37.80878 -45.67654 0.02699 0.01951 0.00017 -0.50578 0.86244
1633434030 -38.85290 -46.43240 -0.00134 0.01878 -0.00059 -0.50480 0.86303
1633434031 -40.04518 -47.29052 -0.03659 0.01796 -0.00187 -0.50364 0.86372
1633434031 -41.31853 -48.20984 -0.07758 0.01691 -0.00280 -0.50225 0.86456
1633434031 -42.62543 -49.16236 -0.11112 0.01679 -0.00331 -0.50077 0.86541
1633434031 -43.99256 -50.16086 -0.14742 0.01637 -0.00430 -0.49941 0.86620
1633434032 -45.44132 -51.21615 -0.18432 0.01550 -0.00564 -0.49815 0.86693
1633434032 -46.91550 -52.28890 -0.22355 0.01588 -0.00713 -0.49675 0.86772
1633434032 -48.48509 -53.42174 -0.26722 0.01709 -0.00802 -0.49546 0.86843
1633434033 -50.06096 -54.55908 -0.31290 0.01742 -0.00848 -0.49411 0.86918
1633434033 -51.70300 -55.73699 -0.36165 0.01756 -0.00956 -0.49258 0.87004
1633434033 -53.34620 -56.90999 -0.41114 0.01833 -0.01073 -0.49130 0.87073
1633434034 -54.99600 -58.09356 -0.46162 0.01873 -0.01151 -0.49012 0.87138
1633434034 -56.61610 -59.26199 -0.50903 0.01867 -0.01217 -0.48905 0.87197
1633434034 -58.28924 -60.45761 -0.55935 0.01875 -0.01298 -0.48827 0.87239
1633434034 -59.96116 -61.64636 -0.60923 0.01853 -0.01370 -0.48767 0.87272
1633434035 -61.67675 -62.86917 -0.65820 0.01842 -0.01452 -0.48722 0.87296
1633434035 -63.38894 -64.07471 -0.70706 0.01792 -0.01499 -0.48704 0.87307
1633434035 -65.11410 -65.28087 -0.75636 0.01750 -0.01543 -0.48687 0.87316
1633434036 -66.83176 -66.47999 -0.80276 0.01688 -0.01585 -0.48678 0.87321
1633434036 -68.56044 -67.67820 -0.85034 0.01690 -0.01650 -0.48688 0.87315
1633434036 -70.28049 -68.85960 -0.89684 0.01680 -0.01675 -0.48717 0.87299
1633434037 -72.00717 -70.04445 -0.94509 0.01704 -0.01692 -0.48748 0.87280
1633434037 -73.70045 -71.20692 -0.99223 0.01733 -0.01697 -0.48777 0.87263
1633434037 -75.42237 -72.38357 -1.04172 0.01748 -0.01697 -0.48823 0.87238
1633434037 -77.12887 -73.54221 -1.09175 0.01737 -0.01683 -0.48849 0.87223
1633434038 -79.42142 -75.08466 -1.16316 0.01765 -0.01674 -0.48871 0.87211
1633434038 -81.17324 -76.25265 -1.21592 0.01656 -0.01637 -0.48878 0.87210
1633434038 -82.92226 -77.41904 -1.26431 0.01524 -0.01603 -0.48888 0.87207
1633434039 -84.72563 -78.62152 -1.31163 0.01456 -0.01620 -0.48909 0.87196
1633434039 -86.50321 -79.79877 -1.35665 0.01422 -0.01642 -0.48932 0.87183
1633434039 -88.94413 -81.40074 -1.42148 0.01417 -0.01698 -0.48964 0.87165
1633434040 -91.42451 -83.02715 -1.48544 0.01418 -0.01692 -0.48998 0.87145
1633434040 -93.92574 -84.65440 -1.55255 0.01429 -0.01679 -0.48996 0.87146
1633434041 -96.43269 -86.28079 -1.61713 0.01429 -0.01676 -0.48950 0.87173
1633434041 -98.96066 -87.92443 -1.68130 0.01397 -0.01665 -0.48900 0.87201
1633434041 -101.46848 -89.55875 -1.74232 0.01373 -0.01712 -0.48862 0.87222
1633434042 -104.65329 -91.61693 -1.82091 0.01326 -0.01739 -0.48842 0.87233
1633434042 -107.22913 -93.29400 -1.88162 0.01365 -0.01708 -0.48844 0.87232
1633434043 -109.83179 -94.98747 -1.94179 0.01339 -0.01606 -0.48817 0.87250
1633434043 -112.45391 -96.68663 -2.00322 0.01425 -0.01569 -0.48770 0.87275
1633434044 -115.05106 -98.36856 -2.06491 0.01469 -0.01539 -0.48718 0.87304
1633434044 -117.66090 -100.06545 -2.12768 0.01446 -0.01554 -0.48687 0.87322
1633434044 -120.27495 -101.77203 -2.19096 0.01479 -0.01584 -0.48665 0.87333
1633434045 -123.61373 -103.92950 -2.27367 0.01438 -0.01512 -0.48624 0.87358
1633434045 -126.32117 -105.70140 -2.33901 0.01499 -0.01510 -0.48590 0.87375
1633434046 -129.80394 -107.95971 -2.42516 0.01404 -0.01484 -0.48545 0.87403
1633434046 -134.70954 -111.09481 -2.54556 0.01412 -0.01545 -0.48500 0.87426
1633434047 -138.23689 -113.38165 -2.62640 0.01455 -0.01596 -0.48500 0.87425
1633434047 -141.82003 -115.69774 -2.71478 0.01445 -0.01591 -0.48475 0.87439
1633434048 -144.65873 -117.59046 -2.77339 0.01364 -0.01554 -0.48438 0.87461
1633434048 -147.48549 -119.47782 -2.82730 0.01291 -0.01576 -0.48423 0.87470
1633434049 -150.26729 -121.34609 -2.87957 0.01369 -0.01681 -0.48476 0.87438
1633434049 -153.80662 -123.66819 -2.95185 0.01409 -0.01645 -0.48549 0.87397
1633434050 -157.27229 -125.95817 -3.02106 0.01523 -0.01487 -0.48619 0.87359
1633434050 -160.74371 -128.25108 -3.09187 0.01636 -0.01467 -0.48721 0.87301
1633434051 -163.59861 -130.14038 -3.15277 0.01650 -0.01381 -0.48784 0.87267
1633434051 -167.85731 -132.90238 -3.24488 0.01702 -0.01295 -0.48851 0.87229
1633434052 -171.36831 -135.20661 -3.31646 0.01662 -0.01349 -0.48868 0.87220
1633434052 -174.84969 -137.52946 -3.38564 0.01635 -0.01342 -0.48876 0.87216
1633434053 -178.29848 -139.81666 -3.45965 0.01689 -0.01390 -0.48869 0.87218
1633434053 -181.79696 -142.12827 -3.54050 0.01667 -0.01398 -0.48872 0.87217
1633434054 -184.43113 -143.94597 -3.58480 0.01569 -0.01346 -0.48879 0.87215
1633434054 -188.00292 -146.30025 -3.66566 0.01608 -0.01341 -0.48882 0.87213
1633434054 -190.72881 -148.16968 -3.71703 0.01637 -0.01331 -0.48907 0.87199
1633434055 -193.21455 -149.88976 -3.75836 0.01644 -0.01283 -0.48948 0.87177
1633434055 -195.87948 -151.68780 -3.80961 0.01657 -0.01188 -0.48990 0.87154
1633434056 -198.54275 -153.47788 -3.85856 0.01688 -0.01105 -0.49043 0.87125
1633434056 -200.54934 -154.85408 -3.89432 0.01662 -0.01045 -0.49109 0.87089
1633434056 -203.24019 -156.65791 -3.94370 0.01663 -0.01026 -0.49252 0.87008
1633434057 -206.01649 -158.49850 -3.99487 0.01642 -0.00983 -0.49428 0.86909
1633434057 -208.66442 -160.25710 -4.03713 0.01706 -0.00960 -0.49679 0.86765
1633434057 -210.82014 -161.63385 -4.08502 0.01744 -0.00924 -0.49877 0.86651
1633434058 -213.60553 -163.42774 -4.14046 0.01882 -0.00869 -0.50134 0.86500
1633434058 -215.67392 -164.73987 -4.18727 0.02085 -0.00860 -0.50410 0.86335
1633434058 -217.71951 -166.03091 -4.23368 0.02171 -0.00750 -0.50730 0.86146
1633434059 -220.52307 -167.74252 -4.29475 0.01984 -0.00550 -0.51247 0.85846
1633434059 -221.90082 -168.60688 -4.32354 0.01736 -0.00348 -0.51575 0.85655
1633434059 -223.31774 -169.47802 -4.34415 0.01723 -0.00226 -0.51892 0.85465
1633434060 -225.51266 -170.74670 -4.37914 0.01833 -0.00151 -0.52445 0.85124
1633434060 -226.88558 -171.53339 -4.39925 0.01970 -0.00217 -0.52818 0.84890
1633434060 -228.90540 -172.65288 -4.43116 0.02080 -0.00260 -0.53288 0.84593
1633434060 -231.60401 -174.09560 -4.48091 0.02145 -0.00274 -0.53932 0.84182
1633434061 -233.61004 -175.13059 -4.51844 0.01927 -0.00243 -0.54434 0.83864
1633434061 -236.19320 -176.41210 -4.56300 0.01867 -0.00438 -0.55108 0.83423
1633434062 -238.13064 -177.33668 -4.58824 0.01755 -0.00536 -0.55629 0.83078
1633434062 -240.58920 -178.46243 -4.62227 0.01832 -0.00711 -0.56260 0.82650
1633434062 -242.29368 -179.18965 -4.65492 0.02098 -0.00873 -0.56812 0.82263
1633434063 -243.92565 -179.86012 -4.69392 0.02220 -0.01116 -0.57433 0.81824
1633434063 -245.38427 -180.42516 -4.71242 0.02093 -0.01205 -0.58082 0.81367
1633434063 -246.91186 -180.99128 -4.73816 0.01812 -0.01259 -0.58663 0.80955
1633434063 -248.52660 -181.58159 -4.77203 0.01623 -0.01119 -0.59250 0.80533
1633434064 -249.51724 -181.91730 -4.79195 0.01517 -0.01047 -0.59635 0.80251
1633434064 -251.05581 -182.44257 -4.82254 0.01530 -0.00995 -0.60243 0.79796
1633434064 -252.62973 -182.95482 -4.84242 0.01490 -0.01053 -0.60838 0.79344
1633434064 -254.22169 -183.45824 -4.87525 0.01358 -0.01105 -0.61439 0.78881
1633434065 -255.79543 -183.92202 -4.90719 0.01267 -0.01155 -0.62022 0.78424
1633434065 -257.26518 -184.30924 -4.93519 0.01337 -0.01210 -0.62583 0.77975
1633434065 -258.77099 -184.69803 -4.94526 0.01424 -0.01232 -0.63152 0.77513
1633434066 -260.32112 -185.09252 -4.95728 0.01275 -0.01108 -0.63732 0.77042
1633434066 -261.90609 -185.46624 -4.97156 0.00992 -0.01007 -0.64304 0.76570
1633434066 -263.38937 -185.77736 -4.98148 0.00941 -0.00989 -0.64849 0.76110
1633434067 -264.92761 -186.08776 -5.00144 0.01054 -0.01090 -0.65334 0.75692
1633434067 -266.44521 -186.37883 -5.02268 0.01110 -0.01080 -0.65812 0.75276
1633434067 -267.95368 -186.63966 -5.04225 0.01277 -0.01164 -0.66247 0.74889
1633434067 -269.46608 -186.88905 -5.07076 0.01481 -0.01332 -0.66640 0.74533
1633434068 -271.55882 -187.22013 -5.11322 0.01417 -0.01430 -0.67186 0.74040
1633434068 -273.10329 -187.42770 -5.14607 0.01317 -0.01472 -0.67643 0.73625
1633434069 -274.60577 -187.59801 -5.17083 0.01292 -0.01496 -0.68052 0.73246
1633434069 -276.70800 -187.85872 -5.20155 0.01211 -0.01415 -0.68285 0.73033
1633434069 -278.79535 -188.14203 -5.23527 0.00848 -0.01084 -0.67852 0.73445
1633434070 -280.86649 -188.44626 -5.26042 0.01273 -0.01054 -0.67834 0.73456
1633434070 -282.39620 -188.64111 -5.27993 0.01247 -0.01245 -0.67960 0.73337
1633434070 -284.44723 -188.90732 -5.31345 0.01076 -0.01186 -0.68321 0.73005
1633434071 -286.53082 -189.14525 -5.34831 0.01230 -0.01043 -0.68764 0.72587
1633434071 -288.07336 -189.29227 -5.36519 0.01377 -0.01035 -0.69197 0.72172
1633434071 -289.60521 -189.42138 -5.39173 0.01383 -0.00962 -0.69678 0.71709
1633434072 -291.17339 -189.53501 -5.41169 0.01160 -0.00762 -0.70231 0.71174
1633434072 -292.67838 -189.64954 -5.42888 0.01038 -0.00590 -0.70858 0.70553
1633434072 -293.70752 -189.71426 -5.43659 0.01065 -0.00566 -0.71320 0.70086
1633434072 -294.76909 -189.75062 -5.44720 0.01035 -0.00618 -0.71761 0.69634
1633434073 -295.82691 -189.76141 -5.44871 0.01099 -0.00675 -0.72229 0.69147
1633434073 -296.82395 -189.76569 -5.45480 0.01210 -0.00731 -0.72695 0.68654
1633434073 -297.84934 -189.76077 -5.46856 0.01294 -0.00797 -0.73166 0.68150
1633434073 -299.40899 -189.73080 -5.49167 0.01504 -0.00874 -0.73854 0.67398
1633434074 -300.96028 -189.68061 -5.51457 0.01782 -0.00964 -0.74555 0.66614
1633434074 -302.51691 -189.60087 -5.53965 0.01919 -0.00979 -0.75282 0.65787
1633434074 -304.04814 -189.48115 -5.56433 0.01820 -0.00861 -0.76051 0.64901
1633434074 -305.01382 -189.38209 -5.58923 0.01722 -0.00796 -0.76570 0.64292
1633434075 -305.93247 -189.26820 -5.60587 0.01615 -0.00861 -0.77021 0.63753
1633434075 -306.84916 -189.14220 -5.61976 0.01569 -0.00852 -0.77466 0.63213
1633434075 -307.71157 -189.01417 -5.63490 0.01448 -0.00861 -0.77878 0.62707
1633434075 -309.06337 -188.79877 -5.65459 0.01369 -0.00666 -0.78443 0.62004
1633434076 -310.39916 -188.55918 -5.66682 0.01252 -0.00262 -0.78935 0.61382
1633434076 -311.71330 -188.30093 -5.68098 0.01334 -0.00214 -0.79422 0.60748
1633434076 -313.04273 -188.02518 -5.68436 0.01507 -0.00436 -0.79924 0.60081
1633434076 -313.93307 -187.82758 -5.68415 0.01505 -0.00621 -0.80281 0.59602
1633434077 -314.80515 -187.61751 -5.68727 0.01447 -0.00731 -0.80613 0.59151
1633434077 -316.11764 -187.28420 -5.69892 0.01277 -0.00782 -0.81069 0.58529
1633434077 -317.43512 -186.92814 -5.71051 0.01216 -0.00905 -0.81523 0.57894
1633434078 -318.74033 -186.55087 -5.71465 0.01185 -0.00906 -0.81956 0.57280
1633434078 -320.06692 -186.14930 -5.72486 0.01154 -0.00821 -0.82375 0.56678
1633434078 -321.41479 -185.71397 -5.73415 0.01137 -0.00714 -0.82781 0.56085
1633434078 -322.80398 -185.26426 -5.74991 0.01011 -0.00753 -0.83158 0.55526
1633434079 -324.21062 -184.78493 -5.76481 0.00990 -0.00765 -0.83527 0.54969
1633434079 -325.59660 -184.26901 -5.77770 0.00925 -0.00806 -0.83891 0.54413
1633434079 -326.95906 -183.72498 -5.78140 0.00888 -0.00650 -0.84242 0.53871
1633434080 -328.32011 -183.14257 -5.78208 0.00731 -0.00552 -0.84571 0.53356
1633434080 -329.71550 -182.54583 -5.78861 0.00801 -0.00666 -0.84915 0.52805
1633434080 -331.10878 -181.90906 -5.79096 0.00790 -0.00905 -0.85248 0.52262
1633434081 -332.52173 -181.25883 -5.79829 0.00697 -0.00862 -0.85568 0.51738
1633434081 -333.95838 -180.57586 -5.80879 0.00528 -0.00786 -0.85895 0.51197
1633434081 -335.41293 -179.86606 -5.81615 0.00591 -0.00788 -0.86247 0.50601
1633434081 -336.36635 -179.38750 -5.82515 0.00592 -0.00906 -0.86470 0.50218
1633434082 -337.34697 -178.88991 -5.83791 -0.00602 0.00971 0.86662 -0.49884
1633434082 -338.84769 -178.12301 -5.85776 -0.00516 0.00983 0.86965 -0.49355
1633434082 -340.36384 -177.31421 -5.87600 -0.00603 0.00896 0.87265 -0.48823
1633434082 -341.87786 -176.49873 -5.89600 -0.00605 0.00936 0.87559 -0.48292
1633434083 -343.42247 -175.63278 -5.91905 -0.00483 0.00927 0.87856 -0.47751
1633434083 -344.99292 -174.71437 -5.93108 -0.00419 0.00965 0.88155 -0.47197
1633434083 -346.03532 -174.07099 -5.93626 -0.00361 0.01050 0.88363 -0.46806
1633434083 -347.05638 -173.43168 -5.94564 -0.00348 0.01082 0.88570 -0.46412
1633434084 -348.05772 -172.79591 -5.95984 -0.00332 0.01086 0.88781 -0.46008
1633434084 -349.05112 -172.14751 -5.97387 -0.00255 0.01110 0.88982 -0.45618
1633434084 -350.07420 -171.47131 -5.98017 -0.00293 0.01069 0.89188 -0.45213
1633434084 -351.07810 -170.80226 -5.99742 -0.00182 0.01047 0.89396 -0.44802
1633434084 -352.07973 -170.12687 -6.00878 -0.00232 0.01022 0.89604 -0.44385
1633434085 -353.10895 -169.41834 -6.02152 -0.00226 0.01028 0.89816 -0.43953
1633434085 -354.12075 -168.70842 -6.03261 -0.00192 0.01030 0.89999 -0.43578
1633434085 -355.12637 -167.99318 -6.04583 -0.00208 0.00964 0.90187 -0.43190
1633434085 -356.14477 -167.25302 -6.05766 -0.00140 0.00953 0.90356 -0.42836
1633434085 -357.14572 -166.51867 -6.06751 -0.00249 0.00936 0.90524 -0.42478
1633434086 -358.65810 -165.38644 -6.08542 -0.00250 0.01048 0.90758 -0.41974
1633434086 -360.16441 -164.23751 -6.10180 -0.00319 0.01002 0.90982 -0.41486
1633434086 -361.66798 -163.06202 -6.12069 -0.00295 0.00939 0.91181 -0.41049
1633434087 -363.16446 -161.86477 -6.13755 -0.00315 0.00996 0.91386 -0.40589
1633434087 -364.64734 -160.65592 -6.15769 -0.00347 0.01001 0.91553 -0.40211
1633434087 -366.11708 -159.44025 -6.17616 -0.00371 0.00940 0.91696 -0.39885
1633434088 -367.58836 -158.20290 -6.19030 -0.00303 0.00848 0.91824 -0.39591
1633434088 -369.05851 -156.95191 -6.20526 -0.00425 0.00939 0.91933 -0.39335
1633434088 -370.50086 -155.70742 -6.22500 -0.00491 0.00963 0.92043 -0.39075
1633434088 -371.94904 -154.43917 -6.23952 -0.00433 0.00926 0.92145 -0.38835
1633434089 -373.42308 -153.13837 -6.25368 -0.00409 0.00874 0.92227 -0.38643
1633434089 -374.88555 -151.82541 -6.26871 -0.00465 0.00805 0.92316 -0.38431
1633434089 -376.32153 -150.53891 -6.28432 -0.00456 0.00744 0.92404 -0.38221
1633434090 -377.78539 -149.20739 -6.29703 -0.00488 0.00777 0.92479 -0.38037
1633434090 -379.24798 -147.87113 -6.31134 -0.00562 0.00922 0.92551 -0.37857
1633434090 -380.71450 -146.51775 -6.33109 -0.00604 0.01040 0.92619 -0.37686
1633434091 -382.15355 -145.18613 -6.35694 -0.00633 0.00925 0.92670 -0.37563
1633434091 -383.64022 -143.78254 -6.37649 -0.00622 0.00864 0.92709 -0.37469
1633434091 -385.11039 -142.40601 -6.39391 -0.00540 0.00783 0.92746 -0.37379
1633434091 -386.58364 -141.01324 -6.41099 -0.00530 0.00728 0.92790 -0.37271
1633434092 -388.07320 -139.59796 -6.42788 -0.00502 0.00851 0.92832 -0.37165
1633434092 -389.53510 -138.20063 -6.44510 -0.00412 0.00891 0.92874 -0.37061
1633434092 -390.98251 -136.81304 -6.46579 -0.00488 0.00916 0.92908 -0.36973
1633434093 -392.40082 -135.46024 -6.48547 -0.00497 0.00799 0.92933 -0.36912
1633434093 -393.83433 -134.08638 -6.50102 -0.00451 0.00675 0.92962 -0.36842
1633434093 -395.28281 -132.69781 -6.51081 -0.00473 0.00621 0.92995 -0.36761
1633434094 -396.68906 -131.35600 -6.51916 -0.00409 0.00544 0.93018 -0.36705
1633434094 -398.12597 -129.96961 -6.52533 -0.00440 0.00691 0.93041 -0.36643
1633434094 -399.52458 -128.61798 -6.53789 -0.00575 0.00802 0.93069 -0.36566
1633434094 -400.89395 -127.29012 -6.55538 -0.00576 0.00832 0.93089 -0.36516
1633434095 -402.27623 -125.94545 -6.57314 -0.00592 0.00900 0.93111 -0.36457
1633434095 -403.61461 -124.64806 -6.59017 -0.00586 0.00721 0.93143 -0.36381
1633434095 -404.95560 -123.33836 -6.60234 -0.00505 0.00646 0.93179 -0.36289
1633434096 -406.27416 -122.04516 -6.60919 -0.00468 0.00541 0.93240 -0.36137
1633434096 -407.55862 -120.77664 -6.61386 -0.00471 0.00484 0.93303 -0.35973
1633434096 -408.81074 -119.53009 -6.61497 -0.00432 0.00524 0.93373 -0.35791
1633434097 -409.98784 -118.35262 -6.61403 -0.00432 0.00413 0.93454 -0.35581
1633434097 -411.12913 -117.19240 -6.61252 -0.00408 0.00431 0.93571 -0.35273
1633434097 -412.26445 -116.02241 -6.61157 -0.00495 0.00525 0.93700 -0.34926
1633434097 -413.36763 -114.87412 -6.61086 -0.00452 0.00547 0.93833 -0.34567
1633434098 -414.45321 -113.71938 -6.61187 -0.00383 0.00461 0.93988 -0.34146
1633434098 -415.51320 -112.56370 -6.61291 -0.00409 0.00443 0.94149 -0.33699
1633434098 -416.53772 -111.43209 -6.60982 -0.00369 0.00388 0.94316 -0.33229
1633434099 -417.53413 -110.30659 -6.60943 -0.00433 0.00300 0.94505 -0.32688
1633434099 -418.46554 -109.22555 -6.59952 -0.00401 0.00296 0.94710 -0.32090
1633434099 -419.37137 -108.14128 -6.58875 -0.00422 0.00268 0.94931 -0.31430
1633434100 -420.56772 -106.65786 -6.58320 -0.00402 0.00260 0.95237 -0.30489
1633434100 -421.45737 -105.51390 -6.57860 -0.00451 0.00252 0.95477 -0.29730
1633434100 -422.30053 -104.39027 -6.57327 -0.00469 0.00335 0.95720 -0.28937
1633434101 -423.12557 -103.25006 -6.56574 -0.00539 0.00382 0.95972 -0.28086
1633434101 -423.89796 -102.12849 -6.56138 -0.00501 0.00392 0.96222 -0.27218
1633434101 -424.66713 -100.97296 -6.55603 -0.00569 0.00393 0.96473 -0.26316
1633434101 -425.14804 -100.21196 -6.55132 -0.00614 0.00380 0.96643 -0.25685
1633434102 -425.61880 -99.44219 -6.55313 -0.00596 0.00408 0.96810 -0.25045
1633434102 -426.07956 -98.66315 -6.55127 -0.00672 0.00393 0.96991 -0.24336
1633434102 -426.52281 -97.88867 -6.55069 -0.00649 0.00348 0.97156 -0.23667
1633434102 -426.96243 -97.09555 -6.55522 -0.00583 0.00347 0.97334 -0.22928
1633434102 -427.38716 -96.29879 -6.55783 -0.00620 0.00375 0.97508 -0.22172
1633434103 -427.77872 -95.51995 -6.55612 -0.00601 0.00453 0.97678 -0.21411
1633434103 -428.17682 -94.71202 -6.55845 -0.00538 0.00460 0.97847 -0.20625
1633434103 -428.55541 -93.90419 -6.55859 -0.00529 0.00494 0.98012 -0.19828
1633434103 -428.92542 -93.08503 -6.55914 -0.00523 0.00474 0.98175 -0.19004
1633434103 -429.27358 -92.27291 -6.55941 -0.00487 0.00457 0.98330 -0.18188
1633434104 -429.58931 -91.47888 -6.55854 -0.00412 0.00455 0.98479 -0.17364
1633434104 -429.90621 -90.66085 -6.55413 -0.00402 0.00407 0.98622 -0.16532
1633434104 -430.19480 -89.86000 -6.54956 -0.00379 0.00383 0.98761 -0.15681
1633434104 -430.47090 -89.05387 -6.54917 -0.00289 0.00405 0.98892 -0.14838
1633434104 -430.73502 -88.24064 -6.54878 -0.00281 0.00450 0.99016 -0.13981
1633434105 -430.97645 -87.43823 -6.54255 -0.00270 0.00455 0.99137 -0.13099
1633434105 -431.20339 -86.63306 -6.53656 -0.00201 0.00469 0.99246 -0.12244
1633434105 -431.41327 -85.82881 -6.53294 -0.00146 0.00498 0.99351 -0.11365
1633434105 -431.61178 -85.02026 -6.53135 -0.00125 0.00509 0.99444 -0.10514
1633434105 -431.78869 -84.22296 -6.52722 -0.00069 0.00545 0.99533 -0.09636
1633434106 -431.94589 -83.43466 -6.52167 0.00012 0.00593 0.99615 -0.08752
1633434106 -432.09365 -82.63247 -6.52030 0.00048 0.00603 0.99687 -0.07879
1633434106 -432.22916 -81.83073 -6.51877 0.00058 0.00591 0.99752 -0.07015
1633434106 -432.34888 -81.03141 -6.51931 0.00145 0.00593 0.99808 -0.06157
1633434106 -432.45708 -80.22332 -6.51898 0.00211 0.00564 0.99860 -0.05247
1633434107 -432.55124 -79.41494 -6.51875 0.00227 0.00489 0.99905 -0.04326
1633434107 -432.62474 -78.61727 -6.51745 0.00248 0.00466 0.99941 -0.03398
1633434107 -432.68486 -77.81982 -6.51710 0.00340 0.00470 0.99968 -0.02454
1633434107 -432.72992 -77.01840 -6.51606 0.00398 0.00507 0.99986 -0.01521
1633434107 -432.76056 -76.23022 -6.51480 0.00401 0.00533 0.99996 -0.00575
1633434108 -432.77663 -75.43717 -6.51273 0.00417 0.00567 0.99997 0.00380
1633434108 -432.77861 -74.64263 -6.51173 0.00490 0.00570 0.99988 0.01345
1633434108 -432.76363 -73.85396 -6.51061 0.00539 0.00539 0.99971 0.02289
1633434108 -432.73082 -73.07147 -6.50725 0.00571 0.00527 0.99945 0.03233
1633434108 -432.68370 -72.28946 -6.50352 0.00586 0.00481 0.99909 0.04190
1633434109 -432.62084 -71.49710 -6.50132 0.00680 0.00470 0.99865 0.05120
1633434109 -432.54429 -70.71184 -6.49943 0.00722 0.00478 0.99813 0.06048
1633434109 -432.45246 -69.92224 -6.49701 0.00727 0.00493 0.99753 0.06974
1633434109 -432.34741 -69.12703 -6.49379 0.00762 0.00517 0.99684 0.07889
1633434109 -432.22821 -68.33752 -6.49130 0.00816 0.00489 0.99610 0.08771
1633434110 -432.09464 -67.54403 -6.48732 0.00810 0.00447 0.99531 0.09633
1633434110 -431.94634 -66.74470 -6.48320 0.00788 0.00441 0.99445 0.10480
1633434110 -431.78578 -65.95684 -6.48166 0.00822 0.00441 0.99355 0.11297
1633434110 -431.61270 -65.16594 -6.47805 0.00875 0.00455 0.99262 0.12089
1633434110 -431.42756 -64.38495 -6.47592 0.00884 0.00458 0.99163 0.12872
1633434111 -431.22790 -63.59889 -6.47408 0.00880 0.00482 0.99060 0.13646
1633434111 -431.01757 -62.81689 -6.47179 0.00887 0.00412 0.98954 0.14396
1633434111 -430.79407 -62.02880 -6.46953 0.00862 0.00352 0.98844 0.15129
1633434111 -430.55900 -61.24330 -6.46859 0.00815 0.00331 0.98734 0.15835
1633434111 -430.31011 -60.46151 -6.46670 0.00798 0.00341 0.98628 0.16485
1633434112 -429.92637 -59.29234 -6.46274 0.00812 0.00338 0.98447 0.17535
1633434112 -429.50947 -58.11328 -6.45936 0.00752 0.00350 0.98263 0.18538
1633434112 -429.21508 -57.33514 -6.45840 0.00700 0.00346 0.98134 0.19213
1633434112 -428.75807 -56.17159 -6.45697 0.00682 0.00337 0.97942 0.20169
1633434113 -428.43231 -55.38502 -6.45443 0.00672 0.00323 0.97803 0.20834
1633434113 -428.09727 -54.58955 -6.44892 0.00582 0.00317 0.97662 0.21487
1633434113 -427.74833 -53.79448 -6.44624 0.00616 0.00258 0.97514 0.22147
1633434113 -427.38984 -53.00351 -6.44395 0.00596 0.00236 0.97363 0.22805
1633434113 -427.01957 -52.21361 -6.44328 0.00539 0.00239 0.97211 0.23446
1633434114 -426.63217 -51.42232 -6.44070 0.00503 0.00266 0.97047 0.24116
1633434114 -426.23391 -50.63057 -6.43924 0.00534 0.00276 0.96889 0.24742
1633434114 -425.82139 -49.83254 -6.43711 0.00477 0.00264 0.96722 0.25387
1633434114 -425.39349 -49.03417 -6.43572 0.00428 0.00267 0.96548 0.26042
1633434114 -424.95325 -48.23815 -6.43377 0.00413 0.00238 0.96370 0.26696
1633434115 -424.49995 -47.44139 -6.43147 0.00372 0.00222 0.96187 0.27346
1633434115 -424.03218 -46.64155 -6.42986 0.00319 0.00263 0.95997 0.28007
1633434115 -423.55057 -45.84983 -6.42839 0.00328 0.00298 0.95801 0.28671
1633434115 -423.05816 -45.05510 -6.42596 0.00338 0.00351 0.95600 0.29334
1633434115 -422.55286 -44.26368 -6.42608 0.00297 0.00367 0.95397 0.29986
1633434116 -422.03689 -43.47721 -6.42702 0.00278 0.00346 0.95185 0.30653
1633434116 -421.50407 -42.69015 -6.42778 0.00287 0.00353 0.94964 0.31331
1633434116 -420.95886 -41.90871 -6.42868 0.00286 0.00400 0.94734 0.32020
1633434116 -420.39985 -41.13363 -6.42881 0.00244 0.00449 0.94495 0.32718
1633434116 -419.82988 -40.36837 -6.42839 0.00266 0.00472 0.94260 0.33387
1633434117 -419.24883 -39.60806 -6.43044 0.00254 0.00480 0.94018 0.34064
1633434117 -418.66359 -38.86319 -6.43307 0.00174 0.00460 0.93769 0.34745
1633434117 -418.06824 -38.12479 -6.43565 0.00181 0.00447 0.93526 0.35392
1633434117 -417.45847 -37.38404 -6.43698 0.00154 0.00467 0.93282 0.36030
1633434117 -416.84692 -36.66680 -6.43576 0.00091 0.00488 0.93035 0.36664
1633434118 -416.22933 -35.96406 -6.43726 0.00115 0.00522 0.92787 0.37286
1633434118 -415.60739 -35.27592 -6.44000 0.00083 0.00576 0.92542 0.37889
1633434118 -414.97748 -34.59601 -6.44056 0.00036 0.00645 0.92292 0.38493
1633434118 -414.33448 -33.91780 -6.44103 0.00066 0.00627 0.92061 0.39043
1633434118 -413.68550 -33.24823 -6.44166 0.00025 0.00624 0.91842 0.39557
1633434119 -413.02701 -32.57974 -6.44100 -0.00074 0.00596 0.91617 0.40073
1633434119 -412.37374 -31.93524 -6.44101 -0.00138 0.00547 0.91398 0.40573
1633434119 -411.71293 -31.29759 -6.44158 -0.00162 0.00511 0.91202 0.41011
1633434119 -411.04820 -30.66402 -6.43925 -0.00249 0.00579 0.90985 0.41488
1633434119 -410.37869 -30.04157 -6.43801 -0.00314 0.00550 0.90775 0.41945
1633434120 -409.70238 -29.42738 -6.43528 -0.00328 0.00522 0.90583 0.42360
1633434120 -409.02091 -28.81537 -6.43414 -0.00410 0.00545 0.90383 0.42783
1633434120 -408.32473 -28.20104 -6.42973 -0.00466 0.00527 0.90189 0.43192
1633434120 -407.62194 -27.59144 -6.42448 -0.00471 0.00496 0.90004 0.43575
1633434120 -406.90644 -26.97841 -6.41977 -0.00555 0.00534 0.89812 0.43969
1633434121 -406.18361 -26.37020 -6.41422 -0.00611 0.00547 0.89618 0.44361
1633434121 -405.45179 -25.76747 -6.40853 -0.00656 0.00572 0.89439 0.44720
1633434121 -404.70955 -25.16583 -6.40489 -0.00761 0.00653 0.89264 0.45066
1633434121 -403.56497 -24.24590 -6.40093 -0.00795 0.00819 0.88989 0.45602
1633434122 -402.81547 -23.65976 -6.39757 -0.00832 0.00945 0.88824 0.45921
1633434122 -402.06230 -23.07559 -6.39559 -0.00859 0.00996 0.88658 0.46239
1633434122 -400.93092 -22.20853 -6.39240 -0.00845 0.00909 0.88430 0.46676
1633434122 -399.76245 -21.33186 -6.39273 -0.00930 0.00796 0.88204 0.47102
1633434123 -398.97352 -20.75624 -6.39030 -0.00894 0.00688 0.88059 0.47375
1633434123 -398.15660 -20.16393 -6.38743 -0.00934 0.00656 0.87936 0.47601
1633434123 -396.89955 -19.26139 -6.38388 -0.00968 0.00629 0.87754 0.47936
1633434123 -396.02650 -18.64618 -6.37988 -0.00977 0.00597 0.87661 0.48106
1633434123 -395.13463 -18.02275 -6.37500 -0.01016 0.00631 0.87552 0.48303
1633434124 -394.21959 -17.38697 -6.36957 -0.00928 0.00641 0.87450 0.48490
1633434124 -393.28759 -16.74256 -6.36340 -0.00933 0.00710 0.87358 0.48653
1633434124 -392.34035 -16.09090 -6.35916 -0.00931 0.00721 0.87269 0.48813
1633434124 -391.37910 -15.43521 -6.35300 -0.00872 0.00697 0.87197 0.48943
1633434124 -390.40729 -14.77440 -6.34812 -0.00946 0.00698 0.87126 0.49068
1633434125 -389.42409 -14.10593 -6.34433 -0.00891 0.00659 0.87056 0.49193
1633434125 -387.93398 -13.09235 -6.34032 -0.00963 0.00702 0.86960 0.49361
1633434125 -386.45094 -12.09001 -6.33396 -0.00921 0.00601 0.86883 0.49499
1633434126 -384.92402 -11.06325 -6.32824 -0.00904 0.00593 0.86808 0.49630
1633434126 -383.40053 -10.04511 -6.32269 -0.00846 0.00741 0.86753 0.49726
1633434126 -381.85568 -9.01064 -6.31905 -0.00766 0.00763 0.86721 0.49782
1633434126 -380.33214 -7.98776 -6.31891 -0.00834 0.00779 0.86719 0.49784
1633434127 -378.75468 -6.93286 -6.31868 -0.00781 0.00822 0.86752 0.49727
1633434127 -377.15802 -5.86386 -6.31809 -0.00665 0.00808 0.86789 0.49664
1633434127 -375.55668 -4.78477 -6.32054 -0.00686 0.00826 0.86836 0.49581
1633434128 -373.96866 -3.70950 -6.31983 -0.00690 0.00763 0.86902 0.49467
1633434128 -372.34056 -2.60355 -6.31926 -0.00638 0.00740 0.86968 0.49352
1633434128 -371.22214 -1.85286 -6.31788 -0.00687 0.00723 0.87018 0.49263
1633434128 -370.13453 -1.10793 -6.31800 -0.00648 0.00675 0.87062 0.49187
1633434129 -369.03177 -0.35377 -6.31554 -0.00650 0.00705 0.87110 0.49101
1633434129 -367.91327 0.41304 -6.31427 -0.00662 0.00727 0.87139 0.49049
1633434129 -366.80414 1.17696 -6.31300 -0.00628 0.00727 0.87176 0.48983
1633434129 -365.69209 1.94362 -6.31471 -0.00680 0.00765 0.87186 0.48964
1633434129 -364.56361 2.72037 -6.31291 -0.00609 0.00772 0.87195 0.48949
1633434130 -363.43858 3.49801 -6.31194 -0.00716 0.00780 0.87177 0.48980
1633434130 -362.29703 4.28294 -6.30991 -0.00695 0.00753 0.87146 0.49035
1633434130 -361.15112 5.06565 -6.30822 -0.00749 0.00759 0.87110 0.49100
1633434130 -360.01464 5.84537 -6.30514 -0.00729 0.00701 0.87056 0.49196
1633434130 -358.89767 6.60818 -6.30209 -0.00744 0.00690 0.87006 0.49283
1633434131 -357.77936 7.37107 -6.29926 -0.00759 0.00725 0.86938 0.49404
1633434131 -356.66161 8.12764 -6.29556 -0.00749 0.00767 0.86883 0.49499
1633434131 -355.54136 8.88247 -6.29465 -0.00784 0.00843 0.86816 0.49616
1633434131 -354.42422 9.63253 -6.29226 -0.00733 0.00872 0.86756 0.49721
1633434131 -353.29141 10.38370 -6.29244 -0.00830 0.00888 0.86684 0.49844
1633434132 -352.15774 11.13047 -6.29206 -0.00759 0.00879 0.86616 0.49963
1633434132 -351.04140 11.86136 -6.29239 -0.00815 0.00907 0.86548 0.50080
1633434132 -349.90172 12.60419 -6.29197 -0.00755 0.00880 0.86482 0.50195
1633434132 -348.21736 13.69717 -6.29332 -0.00833 0.00851 0.86392 0.50350
1633434132 -347.08751 14.42437 -6.29223 -0.00795 0.00813 0.86333 0.50452
1633434133 -345.39358 15.51385 -6.29116 -0.00850 0.00838 0.86260 0.50574
1633434133 -343.72268 16.57944 -6.29015 -0.00852 0.00823 0.86211 0.50659
1633434133 -342.02193 17.66018 -6.28958 -0.00799 0.00843 0.86177 0.50716
1633434134 -340.34372 18.72342 -6.28933 -0.00864 0.00882 0.86162 0.50740
1633434134 -338.65104 19.79231 -6.28971 -0.00850 0.00878 0.86163 0.50739
1633434134 -337.51496 20.50501 -6.28796 -0.00836 0.00883 0.86167 0.50733
1633434134 -336.38945 21.20873 -6.28656 -0.00838 0.00872 0.86185 0.50702
1633434135 -335.26026 21.91755 -6.28339 -0.00898 0.00796 0.86190 0.50694
1633434135 -333.57051 22.98426 -6.28154 -0.00899 0.00799 0.86205 0.50668
1633434135 -332.44124 23.69433 -6.27775 -0.00874 0.00824 0.86207 0.50665
1633434135 -331.29423 24.41498 -6.27314 -0.00879 0.00808 0.86223 0.50637
1633434135 -330.16244 25.12982 -6.27164 -0.00885 0.00820 0.86231 0.50624
1633434136 -329.02057 25.84809 -6.26870 -0.00811 0.00850 0.86245 0.50601
1633434136 -327.88471 26.56711 -6.26806 -0.00845 0.00887 0.86259 0.50575
1633434136 -326.75311 27.28623 -6.26668 -0.00759 0.00874 0.86283 0.50536
1633434136 -325.62239 28.00569 -6.26786 -0.00809 0.00872 0.86306 0.50495
1633434136 -324.48929 28.72329 -6.26590 -0.00750 0.00824 0.86332 0.50454
1633434137 -322.79470 29.81414 -6.26683 -0.00806 0.00801 0.86364 0.50398
1633434137 -321.12831 30.88991 -6.26693 -0.00722 0.00762 0.86402 0.50334
1633434137 -319.44774 31.97465 -6.26661 -0.00633 0.00724 0.86434 0.50282
1633434138 -318.33101 32.69430 -6.26718 -0.00651 0.00773 0.86451 0.50251
1633434138 -317.21768 33.41622 -6.26776 -0.00594 0.00791 0.86467 0.50224
1633434138 -316.10417 34.13489 -6.26794 -0.00630 0.00793 0.86497 0.50171
1633434138 -314.44235 35.21600 -6.27028 -0.00645 0.00751 0.86529 0.50118
1633434138 -313.32265 35.94183 -6.27051 -0.00729 0.00772 0.86549 0.50082
1633434139 -311.63809 37.04172 -6.27052 -0.00697 0.00736 0.86570 0.50045
1633434139 -309.97262 38.12767 -6.27080 -0.00742 0.00722 0.86587 0.50016
1633434139 -308.28758 39.22629 -6.26956 -0.00781 0.00749 0.86593 0.50005
1633434140 -306.62770 40.30871 -6.26793 -0.00742 0.00760 0.86585 0.50019
1633434140 -304.94749 41.39964 -6.26978 -0.00728 0.00772 0.86576 0.50035
1633434140 -303.28350 42.48158 -6.27046 -0.00711 0.00786 0.86562 0.50059
1633434141 -301.60152 43.57130 -6.27206 -0.00688 0.00777 0.86545 0.50089
1633434141 -299.37595 45.01378 -6.27743 -0.00630 0.00805 0.86493 0.50178
1633434141 -297.70494 46.08761 -6.28274 -0.00633 0.00813 0.86449 0.50254
1633434142 -296.02192 47.16869 -6.28747 -0.00610 0.00840 0.86391 0.50353
1633434142 -294.35090 48.23860 -6.29265 -0.00622 0.00862 0.86327 0.50464
1633434142 -292.66531 49.30970 -6.30012 -0.00732 0.00870 0.86269 0.50561
1633434142 -290.99644 50.36736 -6.30381 -0.00764 0.00856 0.86226 0.50634
1633434143 -289.31313 51.43033 -6.30649 -0.00805 0.00805 0.86189 0.50697
1633434143 -287.07970 52.83666 -6.30968 -0.00848 0.00852 0.86161 0.50744
1633434143 -285.42054 53.87978 -6.31613 -0.00798 0.00889 0.86179 0.50712
1633434144 -283.74912 54.92913 -6.31953 -0.00751 0.00751 0.86219 0.50648
1633434144 -282.09522 55.97066 -6.32199 -0.00699 0.00748 0.86257 0.50584
1633434144 -279.88863 57.36466 -6.32980 -0.00593 0.00755 0.86313 0.50490
1633434145 -278.23081 58.41161 -6.33496 -0.00515 0.00713 0.86350 0.50427
1633434145 -276.60032 59.44228 -6.33719 -0.00444 0.00558 0.86392 0.50358
1633434145 -274.94481 60.49614 -6.33687 -0.00519 0.00530 0.86425 0.50301
1633434146 -273.31755 61.53675 -6.33427 -0.00583 0.00526 0.86464 0.50233
1633434146 -271.66774 62.59630 -6.33427 -0.00471 0.00632 0.86475 0.50214
1633434146 -270.03214 63.64599 -6.33985 -0.00353 0.00773 0.86470 0.50221
1633434147 -268.36231 64.71490 -6.34802 -0.00339 0.00843 0.86504 0.50163
1633434147 -266.74501 65.75187 -6.36203 -0.00402 0.00803 0.86548 0.50087
1633434147 -265.10526 66.81258 -6.37290 -0.00632 0.00686 0.86599 0.49997
1633434148 -262.92848 68.22978 -6.37895 -0.00611 0.00605 0.86662 0.49890
1633434148 -261.31160 69.28447 -6.37835 -0.00507 0.00547 0.86702 0.49822
1633434148 -259.68068 70.35559 -6.38249 -0.00391 0.00604 0.86717 0.49796
1633434148 -258.08422 71.40062 -6.38552 -0.00551 0.00451 0.86731 0.49772
1633434149 -256.47662 72.44966 -6.39036 -0.00494 0.00603 0.86739 0.49756
1633434149 -254.88320 73.49730 -6.39496 -0.00491 0.00554 0.86748 0.49742
1633434149 -253.26671 74.56169 -6.39874 -0.00535 0.00563 0.86744 0.49748
1633434150 -251.66652 75.61243 -6.39705 -0.00523 0.00567 0.86748 0.49741
1633434150 -250.05180 76.67295 -6.39917 -0.00495 0.00554 0.86741 0.49755
1633434150 -248.46091 77.72064 -6.40336 -0.00510 0.00611 0.86729 0.49774
1633434151 -246.85689 78.77088 -6.40716 -0.00523 0.00589 0.86726 0.49780
1633434151 -245.26818 79.80806 -6.41329 -0.00455 0.00593 0.86711 0.49807
1633434151 -243.64927 80.85980 -6.41469 -0.00502 0.00589 0.86693 0.49836
1633434151 -242.04664 81.90122 -6.42089 -0.00513 0.00562 0.86686 0.49850
1633434152 -240.43952 82.94041 -6.42169 -0.00472 0.00557 0.86669 0.49880
1633434152 -238.82742 83.98367 -6.42368 -0.00542 0.00523 0.86659 0.49896
1633434152 -237.20885 85.03474 -6.42495 -0.00558 0.00486 0.86665 0.49886
1633434153 -235.60598 86.07267 -6.42697 -0.00473 0.00554 0.86662 0.49892
1633434153 -233.98100 87.12695 -6.42051 -0.00579 0.00412 0.86683 0.49855
1633434153 -232.38532 88.15661 -6.42464 -0.00687 0.00207 0.86696 0.49832
1633434154 -230.78643 89.19442 -6.41279 -0.00617 0.00273 0.86711 0.49808
1633434154 -229.20050 90.22304 -6.40335 -0.00608 0.00358 0.86726 0.49780
1633434154 -227.58554 91.27163 -6.39807 -0.00579 0.00344 0.86749 0.49742
1633434154 -225.97524 92.31857 -6.39050 -0.00587 0.00309 0.86767 0.49710
1633434155 -223.84799 93.70241 -6.38015 -0.00630 0.00261 0.86789 0.49671
1633434155 -222.22766 94.76326 -6.37287 -0.00620 0.00342 0.86808 0.49638
1633434155 -221.12106 95.49076 -6.36744 -0.00597 0.00335 0.86813 0.49629
1633434156 -219.54231 96.51815 -6.35823 -0.00676 0.00303 0.86822 0.49612
1633434156 -217.91554 97.58442 -6.35407 -0.00616 0.00432 0.86827 0.49604
1633434156 -216.29917 98.64250 -6.35136 -0.00632 0.00477 0.86812 0.49630
1633434157 -214.64414 99.72776 -6.35321 -0.00679 0.00467 0.86806 0.49638
1633434157 -213.02783 100.78608 -6.33762 -0.00825 0.00196 0.86790 0.49666
1633434157 -211.42902 101.81676 -6.32963 -0.00773 0.00123 0.86782 0.49682
1633434157 -209.83993 102.84871 -6.31387 -0.00735 0.00225 0.86777 0.49690
1633434158 -208.76586 103.54661 -6.30456 -0.00685 0.00269 0.86777 0.49691
1633434158 -207.14239 104.60359 -6.29543 -0.00691 0.00335 0.86759 0.49722
1633434158 -205.54665 105.63940 -6.28521 -0.00574 0.00333 0.86740 0.49757
1633434159 -203.91799 106.69510 -6.28256 -0.00422 0.00300 0.86695 0.49836
1633434159 -202.31485 107.73232 -6.27689 -0.00378 0.00316 0.86640 0.49932
1633434159 -200.69930 108.76876 -6.27438 -0.00385 0.00368 0.86596 0.50008
1633434159 -199.10002 109.79004 -6.27110 -0.00422 0.00394 0.86560 0.50071
1633434160 -197.46844 110.82977 -6.27147 -0.00501 0.00386 0.86530 0.50122
1633434160 -195.85368 111.85952 -6.27054 -0.00528 0.00372 0.86505 0.50164
1633434160 -194.20294 112.92235 -6.26696 -0.00537 0.00349 0.86488 0.50194
1633434161 -192.57730 113.96764 -6.26382 -0.00556 0.00331 0.86474 0.50218
1633434161 -190.94152 115.01757 -6.26017 -0.00557 0.00352 0.86464 0.50235
1633434161 -188.79623 116.39208 -6.25784 -0.00562 0.00437 0.86473 0.50218
1633434162 -187.18577 117.43071 -6.25716 -0.00568 0.00494 0.86486 0.50196
1633434162 -185.56297 118.47824 -6.25820 -0.00620 0.00476 0.86508 0.50158
1633434162 -183.96111 119.51423 -6.25702 -0.00645 0.00465 0.86546 0.50092
1633434163 -182.34993 120.56344 -6.25287 -0.00713 0.00381 0.86576 0.50040
1633434163 -180.23870 121.93459 -6.24693 -0.00706 0.00325 0.86614 0.49974
1633434163 -178.14169 123.30665 -6.23861 -0.00677 0.00333 0.86661 0.49893
1633434164 -176.05083 124.68565 -6.23326 -0.00705 0.00390 0.86698 0.49828
1633434164 -173.97516 126.05724 -6.22786 -0.00721 0.00366 0.86727 0.49778
1633434165 -171.89076 127.43924 -6.22138 -0.00794 0.00270 0.86742 0.49751
1633434165 -169.82310 128.80922 -6.21132 -0.00798 0.00326 0.86776 0.49690
1633434165 -168.28360 129.83413 -6.19728 -0.00829 0.00297 0.86786 0.49673
1633434166 -166.72290 130.87423 -6.18767 -0.00844 0.00264 0.86791 0.49664
1633434166 -165.22566 131.87048 -6.17392 -0.00805 0.00285 0.86794 0.49659
1633434166 -163.14347 133.26050 -6.16460 -0.00787 0.00286 0.86780 0.49685
1633434167 -161.60998 134.27854 -6.15508 -0.00683 0.00338 0.86770 0.49704
1633434167 -159.57018 135.62921 -6.14850 -0.00617 0.00362 0.86754 0.49732
1633434167 -158.02039 136.64787 -6.14486 -0.00627 0.00336 0.86748 0.49742
1633434168 -156.45580 137.68345 -6.13619 -0.00641 0.00334 0.86745 0.49746
1633434168 -154.35378 139.07917 -6.13001 -0.00608 0.00271 0.86729 0.49776
1633434168 -152.79721 140.11026 -6.12045 -0.00595 0.00240 0.86707 0.49814
1633434169 -151.21554 141.15176 -6.11077 -0.00564 0.00233 0.86681 0.49859
1633434169 -149.66031 142.17049 -6.10149 -0.00587 0.00272 0.86655 0.49905
1633434169 -147.56261 143.54269 -6.09165 -0.00632 0.00297 0.86628 0.49951
1633434170 -145.98897 144.55832 -6.08743 -0.00654 0.00286 0.86607 0.49987
1633434170 -144.40397 145.58609 -6.07845 -0.00635 0.00250 0.86589 0.50019
1633434170 -142.82085 146.61276 -6.06833 -0.00596 0.00247 0.86575 0.50044
1633434170 -141.24774 147.62734 -6.06099 -0.00600 0.00215 0.86561 0.50068
1633434171 -139.68455 148.63239 -6.05238 -0.00596 0.00098 0.86556 0.50077
1633434171 -138.16141 149.60780 -6.04194 -0.00469 0.00123 0.86543 0.50100
1633434171 -136.64545 150.58055 -6.03877 -0.00296 0.00219 0.86551 0.50088
1633434172 -135.12953 151.56120 -6.04213 -0.00306 0.00101 0.86593 0.50016
1633434172 -133.61033 152.55431 -6.04430 -0.00293 0.00143 0.86634 0.49945
1633434172 -132.11053 153.53881 -6.04594 -0.00248 0.00121 0.86659 0.49901
1633434173 -130.60013 154.53443 -6.05074 -0.00122 0.00064 0.86694 0.49841
1633434173 -129.10234 155.52874 -6.04698 -0.00129 0.00108 0.86732 0.49774
1633434173 -127.59173 156.54140 -6.04602 -0.00222 0.00271 0.86755 0.49734
1633434173 -126.08351 157.55550 -6.04589 -0.00237 0.00371 0.86792 0.49669
1633434174 -124.58729 158.56342 -6.04656 -0.00311 0.00340 0.86836 0.49591
1633434174 -123.07746 159.58634 -6.04455 -0.00447 0.00289 0.86894 0.49488
1633434174 -121.56436 160.61991 -6.03793 -0.00594 0.00251 0.86964 0.49365
1633434175 -120.09773 161.61427 -6.02969 -0.00696 0.00254 0.87034 0.49240
1633434175 -118.59029 162.64456 -6.01716 -0.00720 0.00251 0.87105 0.49114
1633434175 -117.07995 163.67847 -6.00767 -0.00620 0.00318 0.87169 0.49001
1633434176 -115.56003 164.72029 -6.00160 -0.00572 0.00395 0.87198 0.48949
1633434176 -113.55229 166.10413 -5.99941 -0.00527 0.00348 0.87224 0.48904
1633434176 -112.04132 167.14072 -5.99595 -0.00539 0.00304 0.87219 0.48913
1633434177 -110.52157 168.18561 -5.99007 -0.00557 0.00249 0.87185 0.48974
1633434177 -109.02853 169.21229 -5.98359 -0.00531 0.00407 0.87133 0.49066
1633434177 -107.55276 170.22648 -5.97982 -0.00603 0.00318 0.87098 0.49127
1633434178 -105.17066 171.86295 -5.97408 -0.00725 0.00373 0.87003 0.49294
1633434178 -102.88384 173.42512 -5.96501 -0.00737 0.00389 0.86908 0.49460
1633434179 -100.22388 175.21760 -5.95695 -0.00747 0.00425 0.86772 0.49697
1633434179 -98.07286 176.65283 -5.95242 -0.00776 0.00420 0.86654 0.49904
1633434180 -95.57688 178.29331 -5.95023 -0.00775 0.00438 0.86484 0.50197
1633434180 -93.53483 179.60123 -5.95163 -0.00752 0.00520 0.86240 0.50615
1633434181 -92.38796 180.31547 -5.95210 -0.00752 0.00532 0.86071 0.50901
1633434181 -91.28282 180.99415 -5.95060 -0.00728 0.00412 0.85908 0.51177
1633434181 -89.40197 182.13752 -5.94695 -0.00722 0.00418 0.85543 0.51785
1633434182 -88.14955 182.88978 -5.94510 -0.00741 0.00440 0.85308 0.52170
1633434182 -86.70911 183.71072 -5.94873 -0.00715 0.00413 0.85004 0.52665
1633434183 -85.17101 184.59181 -5.94886 -0.00705 0.00494 0.84687 0.53173
1633434183 -83.62469 185.46088 -5.95224 -0.00629 0.00496 0.84337 0.53727
1633434183 -82.44728 186.10671 -5.94947 -0.00623 0.00491 0.84023 0.54217
1633434184 -81.31831 186.69632 -5.95132 -0.00590 0.00508 0.83679 0.54747
1633434184 -80.23383 187.24791 -5.94717 -0.00623 0.00556 0.83299 0.55322
1633434184 -79.12110 187.80457 -5.94573 -0.00590 0.00545 0.82916 0.55896
1633434184 -78.19963 188.21450 -5.94934 -0.00581 0.00550 0.82492 0.56519
1633434185 -77.19529 188.66231 -5.94991 -0.00544 0.00587 0.82044 0.57168
1633434185 -76.17138 189.11001 -5.94985 -0.00498 0.00534 0.81580 0.57829
1633434185 -75.23607 189.49567 -5.95150 -0.00496 0.00545 0.81085 0.58521
1633434186 -74.35975 189.83069 -5.94887 -0.00502 0.00521 0.80578 0.59217
1633434186 -73.51600 190.12795 -5.94508 -0.00465 0.00550 0.80079 0.59890
1633434186 -72.70146 190.39282 -5.94008 -0.00440 0.00524 0.79544 0.60600
1633434187 -71.90564 190.63387 -5.93342 -0.00431 0.00450 0.78984 0.61328
1633434187 -71.11628 190.85357 -5.92603 -0.00385 0.00411 0.78375 0.62106
1633434187 -70.36712 191.04179 -5.91891 -0.00367 0.00360 0.77830 0.62788
1633434187 -69.61755 191.21758 -5.91016 -0.00336 0.00324 0.77280 0.63463
1633434188 -68.85864 191.38595 -5.90048 -0.00254 0.00320 0.76738 0.64117
1633434188 -68.06036 191.55972 -5.89482 -0.00259 0.00249 0.76127 0.64843
1633434188 -67.26856 191.71025 -5.88665 -0.00267 0.00212 0.75412 0.65673
1633434189 -66.16506 191.89890 -5.87987 -0.00150 0.00190 0.74396 0.66822
1633434189 -65.08146 192.03645 -5.87548 -0.00100 0.00119 0.73283 0.68041
1633434190 -63.37975 192.18983 -5.87437 -0.00016 0.00147 0.71328 0.70087
1633434190 -62.23750 192.22052 -5.86991 0.00012 0.00121 0.69858 0.71553
1633434191 -61.12604 192.19079 -5.86972 -0.00016 0.00081 0.68330 0.73014
1633434191 -59.98800 192.11899 -5.86901 0.00026 0.00089 0.66755 0.74457
1633434191 -59.43285 192.05945 -5.86727 -0.00010 0.00077 0.65925 0.75192
1633434192 -58.31633 191.89665 -5.86947 0.00044 0.00116 0.64099 0.76755
1633434192 -57.19986 191.67780 -5.87168 0.00014 0.00134 0.62143 0.78347
1633434192 -56.06682 191.40490 -5.87461 0.00014 0.00262 0.60117 0.79912
1633434193 -54.95500 191.07166 -5.87908 0.00006 0.00360 0.57970 0.81482
1633434193 -54.40490 190.87972 -5.87704 0.00012 0.00383 0.56883 0.82244
1633434193 -53.34882 190.45716 -5.88252 -0.00001 0.00483 0.54634 0.83755
1633434194 -52.82908 190.22472 -5.88340 -0.00026 0.00509 0.53513 0.84475
1633434194 -51.81927 189.71828 -5.88859 0.00016 0.00555 0.51227 0.85881
1633434194 -51.32532 189.44598 -5.89036 0.00001 0.00562 0.50054 0.86570
1633434195 -50.36877 188.86144 -5.89627 -0.00010 0.00566 0.47672 0.87904
1633434195 -50.12925 188.70471 -5.89472 -0.00034 0.00577 0.47074 0.88225
1633434195 -49.43533 188.22044 -5.89804 -0.00089 0.00595 0.45191 0.89204
1633434195 -48.97520 187.87495 -5.90050 -0.00102 0.00579 0.43918 0.89838
1633434195 -48.29604 187.32336 -5.90242 -0.00151 0.00566 0.41915 0.90790
1633434196 -47.62915 186.72709 -5.90348 -0.00131 0.00491 0.39903 0.91692
1633434196 -46.98110 186.09534 -5.90182 -0.00156 0.00468 0.37804 0.92578
1633434196 -46.55653 185.64733 -5.89821 -0.00198 0.00472 0.36374 0.93149
1633434197 -45.93473 184.93729 -5.89430 -0.00189 0.00398 0.34193 0.93972
1633434197 -45.53540 184.44168 -5.89104 -0.00229 0.00341 0.32684 0.94507
1633434197 -45.14049 183.91822 -5.88799 -0.00215 0.00262 0.31148 0.95025
1633434197 -44.75863 183.37838 -5.88489 -0.00174 0.00228 0.29584 0.95523
1633434197 -44.38484 182.80948 -5.88114 -0.00127 0.00197 0.27970 0.96008
1633434198 -44.02946 182.22281 -5.87646 -0.00090 0.00125 0.26373 0.96459
1633434198 -43.85533 181.92121 -5.87247 -0.00063 0.00078 0.25573 0.96675
1633434198 -43.51966 181.30075 -5.86966 0.00016 0.00003 0.23954 0.97089
1633434198 -43.20025 180.66418 -5.86656 0.00034 -0.00061 0.22379 0.97464
1633434198 -43.04497 180.33912 -5.86289 0.00014 -0.00095 0.21614 0.97636
1633434198 -42.74945 179.67177 -5.86051 0.00030 -0.00184 0.20075 0.97964
1633434199 -42.34304 178.64682 -5.85948 0.00058 -0.00289 0.17793 0.98404
1633434199 -42.21412 178.29776 -5.85667 0.00043 -0.00358 0.17056 0.98534
1633434199 -41.97396 177.58530 -5.85265 0.00043 -0.00433 0.15545 0.98783
1633434199 -41.75002 176.85653 -5.85016 0.00049 -0.00504 0.14030 0.99010
1633434199 -41.54693 176.11264 -5.84847 0.00055 -0.00644 0.12575 0.99204
1633434200 -41.36447 175.36072 -5.84552 0.00078 -0.00712 0.11110 0.99378
1633434200 -41.20243 174.59546 -5.84213 0.00111 -0.00759 0.09689 0.99527
1633434200 -41.05719 173.81923 -5.83981 0.00145 -0.00804 0.08310 0.99651
1633434200 -40.92695 173.02885 -5.83875 0.00190 -0.00870 0.07002 0.99751
1633434200 -40.81582 172.23012 -5.83697 0.00167 -0.00894 0.05700 0.99833
1633434201 -40.72366 171.42733 -5.83563 0.00145 -0.00815 0.04404 0.99900
1633434201 -40.65499 170.62238 -5.83488 0.00156 -0.00792 0.03160 0.99947
1633434201 -40.60683 169.81833 -5.83376 0.00107 -0.00779 0.01956 0.99978
1633434201 -40.57442 169.00143 -5.83023 0.00108 -0.00767 0.00813 0.99994
1633434201 -40.55759 168.17716 -5.83021 0.00092 -0.00681 -0.00354 0.99997
1633434202 -40.56053 167.35270 -5.82832 0.00012 -0.00659 -0.01469 0.99987
1633434202 -40.58071 166.52296 -5.82402 -0.00117 -0.00611 -0.02567 0.99965
1633434202 -40.61878 165.69277 -5.82044 -0.00204 -0.00503 -0.03633 0.99933
1633434202 -40.67277 164.85732 -5.81824 -0.00220 -0.00418 -0.04708 0.99888
1633434202 -40.74205 164.01736 -5.81236 -0.00193 -0.00388 -0.05684 0.99837
1633434203 -40.82537 163.17327 -5.80628 -0.00190 -0.00386 -0.06615 0.99780
1633434203 -40.92202 162.32502 -5.79964 -0.00187 -0.00271 -0.07544 0.99714
1633434203 -41.03343 161.47540 -5.79405 -0.00206 -0.00253 -0.08345 0.99651
1633434203 -41.23076 160.21023 -5.78434 -0.00247 -0.00233 -0.09420 0.99555
1633434204 -41.45072 158.94938 -5.77596 -0.00252 -0.00164 -0.10446 0.99452
1633434204 -41.69414 157.68724 -5.76498 -0.00272 -0.00168 -0.11367 0.99351
1633434204 -41.95570 156.42290 -5.75631 -0.00186 -0.00185 -0.12149 0.99259
1633434204 -42.23788 155.15698 -5.74827 -0.00173 -0.00206 -0.12833 0.99173
1633434205 -42.53193 153.89769 -5.74167 -0.00133 -0.00153 -0.13428 0.99094
1633434205 -42.94492 152.22004 -5.73286 -0.00134 -0.00131 -0.14110 0.98999
1633434206 -43.37609 150.56215 -5.72480 -0.00069 -0.00135 -0.14624 0.98925
1633434206 -43.81101 148.89886 -5.72019 0.00023 -0.00169 -0.14978 0.98872
1633434206 -44.24564 147.25036 -5.71350 0.00000 -0.00159 -0.15188 0.98840
1633434207 -44.79603 145.20081 -5.70960 -0.00036 -0.00119 -0.15256 0.98829
1633434207 -45.22655 143.56436 -5.70297 -0.00080 -0.00080 -0.15136 0.98848
1633434208 -45.64760 141.93441 -5.69720 -0.00176 -0.00049 -0.14902 0.98883
1633434208 -45.95401 140.70767 -5.68621 -0.00214 0.00041 -0.14665 0.98919
1633434208 -46.25019 139.47797 -5.67788 -0.00240 0.00039 -0.14273 0.98976
1633434209 -46.53547 138.24000 -5.66393 -0.00236 0.00125 -0.13745 0.99051
1633434209 -46.80812 136.98997 -5.65635 -0.00274 0.00153 -0.13170 0.99128
1633434209 -47.06170 135.75312 -5.64298 -0.00177 0.00240 -0.12554 0.99208
1633434209 -47.28505 134.53343 -5.63111 -0.00152 0.00270 -0.11902 0.99289
1633434210 -47.48842 133.33243 -5.62223 -0.00038 0.00370 -0.11264 0.99363
1633434210 -47.67350 132.13884 -5.61431 -0.00056 0.00432 -0.10603 0.99435
1633434210 -47.83782 130.96380 -5.60675 -0.00092 0.00460 -0.09902 0.99507
1633434211 -47.98466 129.78257 -5.60190 -0.00004 0.00519 -0.09059 0.99587
1633434211 -48.06805 129.00109 -5.59725 -0.00026 0.00568 -0.08380 0.99647
1633434211 -48.13590 128.23088 -5.59197 0.00022 0.00605 -0.07620 0.99707
1633434211 -48.18346 127.47797 -5.58847 0.00024 0.00658 -0.06788 0.99767
1633434211 -48.21543 126.74523 -5.58473 -0.00015 0.00690 -0.05925 0.99822
1633434212 -48.23445 126.01699 -5.58311 -0.00063 0.00707 -0.05020 0.99871
1633434212 -48.24044 125.29005 -5.58086 -0.00031 0.00731 -0.04077 0.99914
1633434212 -48.23207 124.58512 -5.57921 -0.00059 0.00771 -0.03174 0.99947
1633434212 -48.20912 123.92174 -5.57536 -0.00041 0.00786 -0.02297 0.99971
1633434212 -48.17857 123.28043 -5.57178 -0.00060 0.00807 -0.01403 0.99987
1633434213 -48.13617 122.65854 -5.56860 -0.00071 0.00771 -0.00471 0.99996
1633434213 -48.08064 122.06519 -5.56789 -0.00102 0.00800 0.00432 0.99996
1633434213 -48.01875 121.48596 -5.56528 -0.00108 0.00820 0.01280 0.99988
1633434213 -47.94367 120.92266 -5.56283 -0.00168 0.00839 0.02229 0.99971
1633434213 -47.85695 120.37235 -5.55926 -0.00221 0.00827 0.03225 0.99944
1633434214 -47.75872 119.84282 -5.55895 -0.00216 0.00802 0.04190 0.99909
1633434214 -47.65278 119.30690 -5.55775 -0.00173 0.00856 0.05128 0.99865
1633434214 -47.53411 118.78399 -5.55571 -0.00145 0.00812 0.06137 0.99808
1633434214 -47.40527 118.26967 -5.55374 -0.00135 0.00839 0.07114 0.99743
1633434214 -47.26740 117.76350 -5.54986 -0.00140 0.00875 0.08075 0.99669
1633434215 -47.12146 117.25593 -5.54801 -0.00126 0.00847 0.09075 0.99584
1633434215 -46.96679 116.75407 -5.54693 -0.00122 0.00852 0.10037 0.99491
1633434215 -46.80215 116.26456 -5.54539 -0.00129 0.00850 0.11062 0.99383
1633434215 -46.62854 115.77329 -5.54396 -0.00101 0.00819 0.12131 0.99258
1633434215 -46.44349 115.30327 -5.54492 -0.00103 0.00861 0.13183 0.99124
1633434216 -46.24619 114.85033 -5.54449 -0.00072 0.00874 0.14387 0.98956
1633434216 -46.03736 114.40868 -5.54507 -0.00045 0.00874 0.15635 0.98766
1633434216 -45.82265 113.96358 -5.54650 -0.00015 0.00901 0.16798 0.98575
1633434216 -45.59729 113.53201 -5.54964 -0.00020 0.00953 0.17998 0.98362
1633434216 -45.37747 113.12918 -5.55155 0.00027 0.01008 0.18997 0.98174
1633434217 -45.15927 112.74307 -5.55371 0.00073 0.01002 0.19974 0.97980
1633434217 -44.94011 112.38054 -5.55605 0.00059 0.01009 0.20911 0.97784
1633434217 -44.72573 112.03542 -5.55946 0.00066 0.01021 0.21698 0.97612
1633434217 -44.41010 111.56310 -5.56595 0.00148 0.01010 0.22968 0.97321
1633434218 -44.19589 111.27247 -5.56958 0.00121 0.01010 0.23839 0.97112
1633434218 -43.97967 110.98270 -5.57259 0.00157 0.01014 0.24728 0.96889
1633434218 -43.76050 110.70213 -5.57589 0.00219 0.01039 0.25617 0.96657
1633434218 -43.53796 110.42688 -5.57944 0.00245 0.01088 0.26446 0.96433
1633434218 -43.20001 110.02499 -5.58445 0.00202 0.01083 0.27742 0.96069
1633434219 -42.97125 109.76511 -5.58693 0.00207 0.01130 0.28576 0.95823
1633434219 -42.63459 109.39293 -5.59405 0.00176 0.01216 0.29672 0.95489
1633434219 -42.29310 109.02112 -5.60114 0.00157 0.01177 0.30666 0.95175
1633434220 -41.95791 108.66260 -5.60809 0.00165 0.01089 0.31578 0.94877
1633434220 -41.61622 108.30351 -5.61524 0.00142 0.01111 0.32449 0.94582
1633434220 -41.28369 107.96435 -5.62365 0.00119 0.01173 0.33248 0.94304
1633434221 -40.84658 107.53022 -5.63715 0.00095 0.01138 0.34199 0.93963
1633434221 -40.42083 107.11464 -5.65017 0.00055 0.01142 0.35097 0.93632
1633434221 -40.00292 106.72990 -5.66101 0.00043 0.01120 0.36021 0.93280
1633434222 -39.59241 106.36987 -5.67499 0.00043 0.01148 0.36923 0.92927
1633434222 -39.08630 105.93199 -5.69232 0.00043 0.01195 0.37877 0.92541
1633434223 -38.58867 105.51645 -5.70449 0.00029 0.01266 0.38759 0.92175
1633434223 -38.09276 105.12068 -5.71709 0.00099 0.01244 0.39565 0.91832
1633434224 -37.52651 104.66796 -5.73189 0.00177 0.01237 0.40439 0.91450
1633434224 -36.95111 104.22856 -5.74413 0.00165 0.01225 0.41212 0.91105
1633434225 -36.39046 103.79986 -5.75133 0.00086 0.01260 0.41970 0.90758
1633434226 -35.95406 103.46633 -5.75956 0.00087 0.01214 0.42586 0.90471
1633434226 -35.48648 103.12402 -5.76358 -0.00034 0.01063 0.43193 0.90184
1633434227 -34.97432 102.75345 -5.77138 0.00021 0.01156 0.43806 0.89887
1633434227 -34.42324 102.37302 -5.77675 0.00026 0.01277 0.44451 0.89568
1633434228 -33.86917 102.00255 -5.78430 0.00031 0.01371 0.45043 0.89271
1633434228 -33.30185 101.63838 -5.79083 0.00067 0.01429 0.45679 0.88946
1633434229 -32.63964 101.23180 -5.80128 0.00120 0.01573 0.46308 0.88618
1633434229 -31.99213 100.84621 -5.81167 0.00101 0.01608 0.46789 0.88364
1633434230 -31.24933 100.40703 -5.82156 0.00080 0.01585 0.47147 0.88174
1633434231 -30.36483 99.87658 -5.83754 0.00105 0.01445 0.47121 0.88190
1633434231 -29.47974 99.34895 -5.85193 -0.00075 0.01298 0.46621 0.88458
1633434232 -28.91273 98.98861 -5.86614 -0.00180 0.01180 0.46014 0.88776
1633434232 -28.14925 98.52805 -5.87104 -0.00445 0.01140 0.45307 0.89139
1633434233 -27.58559 98.17415 -5.87368 -0.00616 0.01140 0.44584 0.89502
1633434233 -27.10275 97.85246 -5.87305 -0.00768 0.01090 0.43830 0.89873
1633434234 -26.63664 97.52533 -5.87120 -0.00898 0.01187 0.42932 0.90303
1633434234 -26.25113 97.21209 -5.86316 -0.00783 0.01154 0.41987 0.90748
1633434234 -25.87168 96.92327 -5.85928 -0.00704 0.01152 0.41158 0.91127
1633434235 -25.54043 96.64630 -5.85138 -0.00681 0.01156 0.40342 0.91492
1633434235 -25.25944 96.38336 -5.84098 -0.00610 0.01266 0.39332 0.91929
1633434235 -24.93944 96.08593 -5.83296 -0.00573 0.01268 0.38270 0.92377
1633434235 -24.73191 95.88482 -5.82594 -0.00550 0.01286 0.37572 0.92663
1633434236 -24.41578 95.56656 -5.81994 -0.00508 0.01367 0.36436 0.93114
1633434236 -24.21316 95.34522 -5.81214 -0.00519 0.01478 0.35442 0.93495
1633434236 -24.02554 95.12014 -5.80573 -0.00533 0.01452 0.34315 0.93915
1633434236 -23.85333 94.88973 -5.80069 -0.00562 0.01379 0.32966 0.94398
1633434237 -23.67706 94.64110 -5.79636 -0.00575 0.01318 0.31485 0.94903
1633434237 -23.49446 94.37178 -5.79138 -0.00599 0.01221 0.29982 0.95390
1633434237 -23.40389 94.23302 -5.78654 -0.00629 0.01194 0.29205 0.95631
1633434237 -23.24632 93.96858 -5.78173 -0.00672 0.01185 0.27661 0.96089
1633434237 -23.11426 93.71738 -5.77652 -0.00686 0.01191 0.26087 0.96528
1633434237 -23.05331 93.59429 -5.77083 -0.00695 0.01177 0.25307 0.96735
1633434237 -22.99190 93.46531 -5.76503 -0.00719 0.01156 0.24486 0.96946
1633434238 -22.87639 93.20384 -5.75773 -0.00747 0.01131 0.22870 0.97340
1633434238 -22.81770 93.07052 -5.75187 -0.00721 0.01121 0.22114 0.97515
1633434238 -22.75859 92.93090 -5.74550 -0.00676 0.01112 0.21321 0.97692
1633434238 -22.70515 92.79747 -5.73954 -0.00651 0.01099 0.20537 0.97860
1633434238 -22.65346 92.65990 -5.73373 -0.00636 0.01108 0.19726 0.98027
1633434238 -22.60617 92.52679 -5.72771 -0.00626 0.01132 0.18950 0.98180
1633434238 -22.56023 92.38931 -5.72130 -0.00612 0.01135 0.18153 0.98330
1633434238 -22.51992 92.25735 -5.71445 -0.00598 0.01125 0.17352 0.98475
1633434238 -22.48336 92.12229 -5.70768 -0.00585 0.01105 0.16466 0.98627
1633434239 -22.42718 91.85402 -5.69907 -0.00564 0.01044 0.14592 0.98923
1633434239 -22.40109 91.72100 -5.69271 -0.00552 0.00980 0.13678 0.99054
1633434239 -22.37729 91.58350 -5.68652 -0.00533 0.00898 0.12743 0.99179
1633434239 -22.35642 91.44701 -5.68069 -0.00510 0.00800 0.11812 0.99295
1633434239 -22.33660 91.30481 -5.67453 -0.00489 0.00733 0.10853 0.99405
1633434239 -22.30886 91.02316 -5.66508 -0.00492 0.00675 0.08919 0.99598
1633434239 -22.29736 90.88539 -5.65848 -0.00501 0.00637 0.07986 0.99677
1633434239 -22.28877 90.74533 -5.65167 -0.00508 0.00603 0.07055 0.99748
1633434240 -22.28239 90.60824 -5.64491 -0.00516 0.00588 0.06152 0.99808
1633434240 -22.27787 90.46729 -5.63789 -0.00531 0.00599 0.05200 0.99862
1633434240 -22.27670 90.33008 -5.63133 -0.00549 0.00608 0.04231 0.99907
1633434240 -22.28033 90.18627 -5.62499 -0.00576 0.00579 0.03206 0.99945
1633434240 -22.28695 90.05017 -5.61869 -0.00607 0.00518 0.02269 0.99971
1633434240 -22.29587 89.90655 -5.61194 -0.00628 0.00461 0.01299 0.99989
1633434240 -22.30652 89.76615 -5.60547 -0.00646 0.00434 0.00327 0.99996
1633434240 -22.32076 89.62226 -5.59912 -0.00649 0.00415 -0.00711 0.99995
1633434240 -22.33938 89.48316 -5.59314 -0.00646 0.00379 -0.01721 0.99982
1633434240 -22.36104 89.33755 -5.58733 -0.00649 0.00332 -0.02741 0.99960
1633434241 -22.38530 89.19692 -5.58066 -0.00657 0.00309 -0.03711 0.99928
1633434241 -22.41156 89.05459 -5.57394 -0.00679 0.00310 -0.04697 0.99887
1633434241 -22.44942 88.92384 -5.56491 -0.00713 0.00319 -0.05684 0.99835
1633434241 -22.47303 88.77297 -5.56081 -0.00758 0.00319 -0.06688 0.99773
1633434241 -22.51648 88.64084 -5.55187 -0.00795 0.00306 -0.07673 0.99702
1633434241 -22.54591 88.49085 -5.54779 -0.00839 0.00281 -0.08664 0.99620
1633434241 -22.58584 88.35285 -5.54137 -0.00850 0.00243 -0.09653 0.99529
1633434241 -22.62772 88.21068 -5.53413 -0.00833 0.00213 -0.10678 0.99425
1633434241 -22.67202 88.07091 -5.52850 -0.00829 0.00210 -0.11675 0.99312
1633434241 -22.71999 87.92553 -5.52373 -0.00816 0.00175 -0.12687 0.99188
1633434242 -22.77041 87.78442 -5.51795 -0.00808 0.00148 -0.13645 0.99061
1633434242 -22.82541 87.64033 -5.51104 -0.00824 0.00142 -0.14646 0.98918
1633434242 -22.88250 87.49917 -5.50350 -0.00872 0.00160 -0.15644 0.98765
1633434242 -22.94476 87.35450 -5.49577 -0.00931 0.00189 -0.16675 0.98595
1633434242 -23.00959 87.21202 -5.48879 -0.00975 0.00213 -0.17694 0.98417
1633434242 -23.07953 87.06850 -5.48222 -0.00999 0.00213 -0.18738 0.98223
1633434242 -23.15059 86.93152 -5.47660 -0.01018 0.00211 -0.19762 0.98022
1633434242 -23.22682 86.79151 -5.47053 -0.01028 0.00187 -0.20812 0.97805
1633434242 -23.30393 86.65599 -5.46429 -0.01049 0.00173 -0.21823 0.97584
1633434242 -23.38737 86.51708 -5.45842 -0.01088 0.00179 -0.22852 0.97348
1633434243 -23.46937 86.38457 -5.45183 -0.01122 0.00161 -0.23826 0.97114
1633434243 -23.55793 86.24794 -5.44417 -0.01156 0.00160 -0.24822 0.96863
1633434243 -23.64762 86.11517 -5.43674 -0.01185 0.00168 -0.25801 0.96607
1633434243 -23.74403 85.98017 -5.42980 -0.01200 0.00164 -0.26826 0.96327
1633434243 -23.84020 85.85291 -5.42367 -0.01205 0.00171 -0.27804 0.96049
1633434243 -23.94080 85.72671 -5.41828 -0.01200 0.00180 -0.28793 0.95758
1633434243 -24.04077 85.60544 -5.41250 -0.01197 0.00164 -0.29753 0.95464
1633434243 -24.14707 85.48227 -5.40516 -0.01202 0.00134 -0.30732 0.95153
1633434243 -24.25357 85.36427 -5.39756 -0.01222 0.00124 -0.31658 0.94849
1633434243 -24.36892 85.24170 -5.38991 -0.01247 0.00109 -0.32631 0.94518
1633434244 -24.48068 85.12587 -5.38285 -0.01253 0.00091 -0.33556 0.94194
1633434244 -24.60027 85.00734 -5.37619 -0.01238 0.00073 -0.34509 0.93849
1633434244 -24.71760 84.89455 -5.36953 -0.01216 0.00041 -0.35405 0.93515
1633434244 -24.84339 84.77870 -5.36232 -0.01180 0.00019 -0.36344 0.93154
1633434244 -24.96479 84.67043 -5.35501 -0.01157 0.00015 -0.37248 0.92797
1633434244 -25.09413 84.56084 -5.34708 -0.01151 0.00012 -0.38182 0.92417
1633434244 -25.22076 84.45721 -5.33953 -0.01148 0.00002 -0.39047 0.92054
1633434244 -25.35809 84.34922 -5.33224 -0.01134 -0.00028 -0.39935 0.91673
1633434244 -25.49271 84.24693 -5.32475 -0.01108 -0.00065 -0.40777 0.91302
1633434244 -25.63331 84.14449 -5.31706 -0.01089 -0.00088 -0.41635 0.90914
1633434245 -25.77167 84.04842 -5.30977 -0.01098 -0.00091 -0.42482 0.90521
1633434245 -25.91551 83.95412 -5.30196 -0.01127 -0.00091 -0.43374 0.90097
1633434245 -26.05467 83.86700 -5.29487 -0.01162 -0.00083 -0.44227 0.89681
1633434245 -26.20088 83.77866 -5.28871 -0.01168 -0.00090 -0.45078 0.89256
1633434245 -26.34525 83.69360 -5.28282 -0.01137 -0.00115 -0.45878 0.88848
1633434245 -26.49747 83.60656 -5.27708 -0.01101 -0.00152 -0.46681 0.88429
1633434245 -26.64079 83.52692 -5.27041 -0.01108 -0.00146 -0.47420 0.88035
1633434245 -26.79413 83.44669 -5.26234 -0.01138 -0.00117 -0.48200 0.87610
1633434245 -26.94242 83.37191 -5.25474 -0.01191 -0.00071 -0.48955 0.87189
1633434245 -27.09539 83.29694 -5.24728 -0.01247 -0.00050 -0.49724 0.86752
1633434246 -27.24473 83.22635 -5.24033 -0.01280 -0.00037 -0.50446 0.86334
1633434246 -27.40252 83.15599 -5.23381 -0.01287 -0.00025 -0.51182 0.85900
1633434246 -27.72155 83.03587 -5.22402 -0.01310 -0.00034 -0.52620 0.85026
1633434246 -27.87531 82.97676 -5.21717 -0.01323 -0.00048 -0.53325 0.84586
1633434246 -28.19479 82.87460 -5.20610 -0.01379 -0.00023 -0.54703 0.83700
1633434246 -28.51865 82.78134 -5.19406 -0.01424 0.00021 -0.56068 0.82791
1633434247 -28.84781 82.69633 -5.18177 -0.01461 0.00059 -0.57407 0.81867
1633434247 -29.18133 82.62183 -5.16892 -0.01472 0.00027 -0.58703 0.80943
1633434247 -29.51794 82.55357 -5.15718 -0.01514 0.00055 -0.59999 0.79986
1633434247 -29.86064 82.49324 -5.14514 -0.01566 0.00050 -0.61200 0.79070
1633434247 -30.21206 82.44286 -5.13294 -0.01591 0.00042 -0.62355 0.78162
1633434248 -30.55999 82.39836 -5.12031 -0.01499 0.00018 -0.63491 0.77244
1633434248 -30.90413 82.36635 -5.10934 -0.01467 0.00016 -0.64562 0.76352
1633434248 -31.25674 82.34154 -5.09624 -0.01465 0.00000 -0.65636 0.75430
1633434248 -31.60433 82.32809 -5.08306 -0.01471 -0.00064 -0.66736 0.74459
1633434248 -31.94074 82.33181 -5.06968 -0.01505 -0.00115 -0.67770 0.73519
1633434249 -32.26921 82.34826 -5.05819 -0.01528 -0.00172 -0.68784 0.72570
1633434249 -32.60990 82.36796 -5.04568 -0.01472 -0.00229 -0.69726 0.71666
1633434249 -32.94792 82.39672 -5.03214 -0.01391 -0.00260 -0.70662 0.70745
1633434249 -33.26882 82.43798 -5.02039 -0.01348 -0.00304 -0.71539 0.69859
1633434249 -33.59869 82.48642 -5.00968 -0.01358 -0.00381 -0.72432 0.68932
1633434250 -33.94689 82.53672 -4.99840 -0.01367 -0.00445 -0.73301 0.68006
1633434250 -34.29151 82.59491 -4.98746 -0.01397 -0.00484 -0.74142 0.67087
1633434250 -34.64333 82.66086 -4.97827 -0.01312 -0.00465 -0.74975 0.66157
1633434250 -34.99884 82.73295 -4.96798 -0.01265 -0.00494 -0.75777 0.65238
1633434250 -35.34316 82.81424 -4.95813 -0.01235 -0.00513 -0.76551 0.64328
1633434251 -35.67564 82.90432 -4.95056 -0.01223 -0.00553 -0.77294 0.63434
1633434251 -36.01239 83.00253 -4.94292 -0.01202 -0.00618 -0.78012 0.62548
1633434251 -36.36146 83.10752 -4.93585 -0.01147 -0.00672 -0.78693 0.61690
1633434251 -36.70713 83.21867 -4.92831 -0.01098 -0.00718 -0.79323 0.60877
1633434251 -37.05412 83.33557 -4.92139 -0.00964 -0.00742 -0.80029 0.59949
1633434252 -37.37674 83.45202 -4.91473 -0.00911 -0.00870 -0.80591 0.59190
1633434252 -37.81606 83.61718 -4.90637 -0.00841 -0.01007 -0.81225 0.58316
1633434252 -38.20847 83.77564 -4.89841 -0.00839 -0.00861 -0.81728 0.57612
1633434252 -38.61321 83.95544 -4.89287 -0.00771 -0.00780 -0.82436 0.56596
1633434253 -38.87607 84.08038 -4.88901 -0.00726 -0.00912 -0.82902 0.55910
1633434253 -39.13478 84.21074 -4.88387 -0.00802 -0.00962 -0.83381 0.55191
1633434253 -39.40546 84.34730 -4.87802 -0.00787 -0.00977 -0.83887 0.54418
1633434253 -39.67274 84.48651 -4.87425 -0.00746 -0.00987 -0.84350 0.53698
1633434253 -39.92559 84.62889 -4.87199 -0.00678 -0.00964 -0.84824 0.52948
1633434254 -40.20541 84.78153 -4.86902 -0.00628 -0.01017 -0.85273 0.52221
1633434254 -40.61199 85.01450 -4.86688 -0.00564 -0.01072 -0.85887 0.51204
1633434254 -41.01435 85.25860 -4.86320 -0.00507 -0.01043 -0.86506 0.50154
1633434255 -41.37467 85.49425 -4.86359 0.00386 0.01057 0.87079 -0.49153
1633434255 -41.72307 85.72911 -4.86277 0.00169 0.01075 0.87624 -0.48175
1633434255 -42.03739 85.95130 -4.86022 0.00074 0.01065 0.88051 -0.47390
1633434255 -42.32403 86.16437 -4.86043 0.00048 0.01083 0.88430 -0.46679
1633434256 -42.60990 86.39104 -4.86200 0.00164 0.01080 0.88854 -0.45867
1633434256 -42.92251 86.64209 -4.86443 0.00143 0.01102 0.89313 -0.44967
1633434256 -43.23090 86.90733 -4.86958 -0.00062 0.01029 0.89803 -0.43982
1633434257 -43.54588 87.19061 -4.87315 -0.00159 0.00990 0.90257 -0.43044
1633434257 -43.86443 87.48861 -4.87471 -0.00217 0.00960 0.90717 -0.42065
1633434257 -44.19351 87.80596 -4.87965 -0.00307 0.00983 0.91168 -0.41077
1633434258 -44.52335 88.13248 -4.88051 -0.00458 0.00947 0.91590 -0.40126
1633434258 -44.84913 88.46614 -4.88109 -0.00577 0.00923 0.91998 -0.39182
1633434258 -45.14549 88.78607 -4.88064 -0.00550 0.00954 0.92371 -0.38294
1633434258 -45.41489 89.09172 -4.88425 -0.00471 0.00936 0.92720 -0.37443
1633434259 -45.67613 89.39071 -4.89060 -0.00575 0.00972 0.93032 -0.36659
1633434259 -45.91654 89.68039 -4.89622 -0.00721 0.00933 0.93367 -0.35794
1633434259 -46.13743 89.95719 -4.90135 -0.00660 0.00911 0.93680 -0.34968
1633434260 -46.33765 90.22334 -4.90555 -0.00538 0.00941 0.93976 -0.34167
1633434260 -46.51796 90.46923 -4.91088 -0.00530 0.00926 0.94232 -0.33455
1633434260 -46.75701 90.80329 -4.91356 -0.00541 0.00837 0.94505 -0.32676
1633434261 -47.01643 91.17569 -4.91282 -0.00466 0.00764 0.94795 -0.31830
1633434261 -47.28495 91.58093 -4.91227 -0.00482 0.00778 0.95097 -0.30914
1633434262 -47.54972 91.99771 -4.91059 -0.00509 0.00856 0.95385 -0.30011
1633434262 -47.79571 92.40336 -4.91420 -0.00387 0.00782 0.95671 -0.29092
1633434262 -47.98840 92.72883 -4.91083 -0.00329 0.00631 0.95882 -0.28391
1633434263 -48.20571 93.10662 -4.90907 -0.00405 0.00594 0.96111 -0.27608
1633434263 -48.43244 93.51175 -4.90617 -0.00452 0.00613 0.96313 -0.26892
1633434263 -48.75656 94.09840 -4.90352 -0.00464 0.00718 0.96595 -0.25858
1633434264 -48.97435 94.52799 -4.90178 -0.00484 0.00709 0.96847 -0.24897
1633434264 -49.19668 94.98661 -4.90423 -0.00258 0.00566 0.97095 -0.23922
1633434264 -49.34601 95.31460 -4.90462 -0.00279 0.00565 0.97290 -0.23113
1633434264 -49.50891 95.67505 -4.90448 -0.00330 0.00695 0.97468 -0.22346
1633434265 -49.73231 96.19869 -4.90231 -0.00369 0.00627 0.97724 -0.21203
1633434265 -49.88102 96.57229 -4.89948 -0.00412 0.00619 0.97907 -0.20341
1633434265 -50.01765 96.94393 -4.90116 -0.00460 0.00683 0.98092 -0.19425
1633434265 -50.15773 97.33500 -4.90207 -0.00543 0.00698 0.98267 -0.18517
1633434265 -50.29212 97.73770 -4.90107 -0.00593 0.00696 0.98437 -0.17587
1633434266 -50.41130 98.12363 -4.89770 -0.00668 0.00744 0.98602 -0.16635
1633434266 -50.53114 98.51586 -4.89736 -0.00731 0.00821 0.98725 -0.15881
1633434266 -50.69056 99.07490 -4.89653 -0.00784 0.00799 0.98907 -0.14700
1633434266 -50.78895 99.45893 -4.89653 -0.00819 0.00748 0.99026 -0.13879
1633434266 -50.88203 99.86445 -4.89319 -0.00852 0.00731 0.99141 -0.13031
1633434267 -50.95910 100.23073 -4.90123 -0.00921 0.00751 0.99246 -0.12202
1633434267 -51.03935 100.57574 -4.89471 -0.00996 0.00715 0.99343 -0.11382
1633434267 -51.09920 100.93254 -4.89465 -0.01059 0.00692 0.99430 -0.10589
1633434267 -51.15422 101.24853 -4.89686 -0.01134 0.00676 0.99506 -0.09835
1633434268 -51.24509 101.78198 -4.89585 -0.01187 0.00670 0.99607 -0.08749
1633434268 -51.33224 102.31978 -4.88542 -0.01120 0.00621 0.99692 -0.07736
1633434268 -51.39534 102.83764 -4.89075 -0.01148 0.00678 0.99760 -0.06795
1633434268 -51.46916 103.31532 -4.88309 -0.01257 0.00673 0.99818 -0.05863
1633434269 -51.49627 103.76046 -4.88541 -0.01314 0.00579 0.99880 -0.04674
1633434269 -51.52470 104.03930 -4.86980 -0.01283 0.00503 0.99915 -0.03895
1633434269 -51.54116 104.37360 -4.88265 -0.01285 0.00532 0.99943 -0.03080
1633434269 -51.56022 104.65804 -4.87624 -0.01307 0.00542 0.99963 -0.02323
1633434270 -51.57218 105.10319 -4.85976 -0.01318 0.00518 0.99978 -0.01537
1633434270 -51.59618 105.76999 -4.85266 -0.01382 0.00474 0.99987 -0.00703
1633434270 -51.61183 106.42300 -4.84834 -0.01475 0.00582 0.99987 0.00110
1633434271 -51.60003 107.04279 -4.82906 -0.01465 0.00248 0.99985 0.00836
1633434271 -51.61568 107.52550 -4.82472 -0.01482 0.00300 0.99978 0.01422
1633434272 -51.58767 108.20082 -4.82769 -0.01480 0.00388 0.99967 0.02052
1633434272 -51.57260 109.06507 -4.81369 -0.01413 0.00331 0.99950 0.02791
1633434273 -51.52490 110.11585 -4.80846 -0.01385 0.00449 0.99931 0.03402
1633434273 -51.46602 111.24087 -4.80613 -0.01288 0.00540 0.99913 0.03924
1633434274 -51.35329 112.75002 -4.80350 -0.01110 0.00577 0.99897 0.04356
1633434275 -51.24275 114.49130 -4.80121 -0.00983 0.00823 0.99884 0.04634
1633434276 -51.16253 115.55496 -4.80078 -0.00677 0.00770 0.99880 0.04786
1633434276 -51.04706 116.95472 -4.79346 -0.00507 0.01026 0.99843 0.05488
1633434277 -50.93849 117.95503 -4.80107 -0.00180 0.00934 0.99796 0.06310
1633434278 -50.82207 118.94978 -4.80106 -0.00099 0.01083 0.99726 0.07318
1633434278 -50.72445 119.75469 -4.81244 0.00234 0.00846 0.99671 0.08057
1633434279 -50.58930 120.77697 -4.81489 0.00192 0.01095 0.99600 0.08866
1633434279 -50.48014 121.60798 -4.82819 0.00387 0.00904 0.99533 0.09605
1633434280 -50.36417 122.47860 -4.83060 0.00478 0.01055 0.99454 0.10375
1633434280 -50.17419 123.47681 -4.82954 0.00653 0.00945 0.99365 0.11196
1633434281 -50.01535 124.36718 -4.84580 0.00756 0.01040 0.99296 0.11775
1633434281 -49.77055 125.53941 -4.85182 0.00839 0.01104 0.99208 0.12484
1633434282 -49.57913 126.39738 -4.87046 0.00990 0.01048 0.99132 0.13071
1633434283 -49.36623 127.26305 -4.87806 0.01088 0.01005 0.99063 0.13580
1633434294 -49.73476 125.79947 -4.85918 0.00790 0.00849 0.99067 0.13577
1633434294 -49.92090 125.11466 -4.82245 0.00693 0.01106 0.99162 0.12851
1633434295 -50.08479 124.55885 -4.81368 0.00733 0.01161 0.99270 0.11986
1633434295 -50.24560 123.98582 -4.78274 0.00636 0.01273 0.99369 0.11129
1633434296 -50.36588 123.53884 -4.78194 0.00718 0.01203 0.99460 0.10280
1633434296 -50.49304 123.08808 -4.76885 0.00574 0.01282 0.99550 0.09374
1633434296 -50.58318 122.72089 -4.78125 0.00681 0.01182 0.99632 0.08457
1633434297 -50.68704 122.23746 -4.75861 0.00694 0.01137 0.99704 0.07573
1633434297 -50.76239 121.78440 -4.75753 0.00647 0.01121 0.99776 0.06556
1633434298 -50.87771 121.17475 -4.71346 0.00536 0.01172 0.99837 0.05551
1633434299 -50.99588 120.34975 -4.69320 0.00528 0.01134 0.99887 0.04580
1633434300 -51.10407 119.16648 -4.64826 0.00482 0.01188 0.99919 0.03819
1633434302 -51.13405 117.61974 -4.59331 0.00418 0.01200 0.99923 0.03705
1633434303 -51.10710 116.10512 -4.59401 0.00231 0.01120 0.99920 0.03831
1633434305 -51.10589 114.84617 -4.59510 -0.00051 0.01014 0.99904 0.04255
1633434306 -51.08229 113.75108 -4.57749 -0.00447 0.00899 0.99885 0.04678
1633434308 -51.01196 112.27666 -4.53938 -0.00682 0.00764 0.99910 0.04126
1633434309 -51.04783 111.91481 -4.58969 -0.00655 0.00671 0.99945 0.03185
1633434310 -51.07726 111.71838 -4.64395 -0.00723 0.00619 0.99973 0.02137
1633434311 -51.09149 111.36887 -4.65028 -0.00743 0.00565 0.99990 0.01101
1633434311 -51.08872 111.01656 -4.65127 -0.00773 0.00519 0.99996 0.00093
1633434312 -51.05975 110.18864 -4.64510 -0.00767 0.00498 0.99993 -0.00758
1633434315 -50.86823 108.04192 -4.56895 -0.00815 0.00422 0.99995 -0.00432
1633434316 -50.88373 106.67847 -4.54950 -0.00824 0.00464 0.99995 0.00153
1633434317 -50.92789 105.31741 -4.55070 -0.00852 0.00533 0.99992 0.00735
1633434318 -50.90563 104.09671 -4.53924 -0.00825 0.00587 0.99987 0.01280
1633434320 -50.86896 102.82468 -4.54284 -0.00705 0.00489 0.99981 0.01762
1633434322 -50.80921 100.76532 -4.51756 -0.00431 0.00541 0.99981 0.01835
1633434324 -50.74764 98.51554 -4.50588 -0.00338 0.00522 0.99983 0.01763
1633434326 -50.69579 96.82087 -4.51498 -0.00352 0.00399 0.99991 0.01269
1633434329 -50.62887 94.76790 -4.50921 -0.00469 0.00270 0.99990 0.01338
1633434331 -50.61346 93.18349 -4.50665 -0.00488 0.00380 0.99984 0.01661
1633434332 -50.60081 92.13703 -4.50783 -0.00683 0.00507 0.99973 0.02146
1633434334 -50.60849 90.89357 -4.52005 -0.00683 0.00390 0.99963 0.02618
1633434336 -50.63206 89.07173 -4.50953 -0.00802 0.00444 0.99963 0.02563
1633434339 -50.61924 87.67534 -4.51011 -0.00764 0.00812 0.99968 0.02280
1633434354 -50.63764 87.45913 -4.56996 0.00142 -0.00010 0.99972 0.02343
1633434356 -50.67450 89.05079 -4.55616 -0.00451 -0.00101 0.99983 0.01811
1633434357 -50.72956 91.00260 -4.55775 -0.00572 0.00278 0.99988 0.01444
1633434358 -50.78611 93.13445 -4.58606 -0.00411 0.00382 0.99988 0.01425
1633434360 -50.90550 95.79857 -4.56745 -0.00247 0.00318 0.99985 0.01700
1633434361 -50.93485 97.54785 -4.55814 -0.00060 0.00577 0.99983 0.01750
1633434362 -50.98427 99.73988 -4.53831 -0.00151 0.00761 0.99981 0.01811
1633434363 -51.04182 102.05080 -4.46897 -0.00368 0.00740 0.99967 0.02415
1633434364 -51.07706 103.47889 -4.41724 -0.00536 0.00929 0.99950 0.02958
1633434364 -51.07851 104.37126 -4.35759 -0.00582 0.00592 0.99932 0.03602
1633434365 -51.06992 105.66040 -4.28577 -0.00658 0.00776 0.99884 0.04705
1633434365 -51.03255 106.06851 -4.34709 -0.00554 0.00784 0.99847 0.05439
1633434365 -50.95748 106.32650 -4.30639 -0.00438 0.00616 0.99805 0.06195
1633434366 -50.88273 106.71045 -4.28299 -0.00434 0.00649 0.99749 0.07040
1633434366 -50.78503 107.10287 -4.25180 -0.00435 0.00894 0.99666 0.08105
1633434366 -50.70347 107.71201 -4.24302 -0.00297 0.01035 0.99562 0.09289
1633434366 -50.63908 107.94581 -4.24098 -0.00168 0.01014 0.99484 0.10093
1633434367 -50.55642 108.15388 -4.22316 -0.00127 0.00908 0.99393 0.10962
1633434367 -50.46012 108.41561 -4.23441 -0.00192 0.00925 0.99282 0.11928
1633434367 -50.35633 108.73632 -4.20694 -0.00248 0.01167 0.99147 0.12981
1633434367 -50.23852 109.11830 -4.19018 -0.00253 0.01310 0.99001 0.14035
1633434367 -50.12709 109.46491 -4.17972 -0.00243 0.01364 0.98830 0.15189
1633434368 -49.99749 109.80205 -4.16812 -0.00059 0.01451 0.98640 0.16372
1633434368 -49.85153 110.14218 -4.16259 0.00189 0.01554 0.98420 0.17637
1633434368 -49.68847 110.51678 -4.14777 0.00400 0.01520 0.98176 0.18946
1633434368 -49.50965 110.92220 -4.13103 0.00547 0.01543 0.97911 0.20266
1633434368 -49.32263 111.30460 -4.11680 0.00624 0.01596 0.97624 0.21601
1633434369 -49.12776 111.68571 -4.11094 0.00586 0.01657 0.97298 0.23023
1633434369 -48.90840 112.08920 -4.10621 0.00408 0.01846 0.96883 0.24702
1633434369 -48.79188 112.27138 -4.10737 0.00368 0.01939 0.96639 0.25632
1633434369 -48.67401 112.43710 -4.10013 0.00342 0.01983 0.96397 0.26524
1633434369 -48.54329 112.62374 -4.09307 0.00388 0.01964 0.96140 0.27442
1633434369 -48.42229 112.78832 -4.08788 0.00441 0.01927 0.95898 0.28280
1633434369 -48.28969 112.96625 -4.08262 0.00520 0.01908 0.95648 0.29114
1633434369 -48.15957 113.13697 -4.07978 0.00544 0.01919 0.95388 0.29951
1633434370 -48.02551 113.30675 -4.07848 0.00499 0.01974 0.95092 0.30876
1633434370 -47.89249 113.46608 -4.07847 0.00415 0.02042 0.94776 0.31830
1633434370 -47.75581 113.62352 -4.07939 0.00396 0.02059 0.94450 0.32784
1633434370 -47.62432 113.76976 -4.07926 0.00418 0.02052 0.94143 0.33656
1633434370 -47.48854 113.91541 -4.07915 0.00435 0.02020 0.93822 0.34541
1633434370 -47.35393 114.05252 -4.07950 0.00431 0.01972 0.93492 0.35428
1633434370 -47.20618 114.19947 -4.07863 0.00485 0.01955 0.93124 0.36385
1633434370 -47.05982 114.33918 -4.07755 0.00590 0.01963 0.92762 0.37295
1633434370 -46.91351 114.47276 -4.07835 0.00673 0.01962 0.92399 0.38186
1633434370 -46.77496 114.59572 -4.07923 0.00742 0.01956 0.92031 0.39062
1633434371 -46.63370 114.71917 -4.07835 0.00779 0.01962 0.91633 0.39986
1633434371 -46.49435 114.83452 -4.07789 0.00774 0.01920 0.91234 0.40891
1633434371 -46.21710 115.06083 -4.08329 0.00737 0.01792 0.90422 0.42663
1633434371 -46.07019 115.16740 -4.08387 0.00698 0.01752 0.89992 0.43565
1633434371 -45.92982 115.26525 -4.08269 0.00675 0.01771 0.89572 0.44422
1633434371 -45.77743 115.36737 -4.08181 0.00666 0.01801 0.89138 0.45284
1633434371 -45.62813 115.46245 -4.08086 0.00670 0.01805 0.88708 0.46121
1633434371 -45.47493 115.55749 -4.07878 0.00666 0.01824 0.88242 0.47007
1633434372 -45.18576 115.73446 -4.07379 0.00659 0.01871 0.87304 0.48724
1633434372 -45.03830 115.81270 -4.06940 0.00679 0.01871 0.86851 0.49526
1633434372 -44.75417 115.96271 -4.06071 0.00667 0.01822 0.85907 0.51149
1633434372 -44.45821 116.11175 -4.05941 0.00633 0.01838 0.84919 0.52773
1633434372 -44.17271 116.24432 -4.05845 0.00598 0.01883 0.83900 0.54378
1633434372 -44.02212 116.30197 -4.05587 0.00552 0.01912 0.83372 0.55183
1633434372 -43.87052 116.35729 -4.05133 0.00547 0.01928 0.82845 0.55970
1633434373 -43.71155 116.41284 -4.04574 0.00569 0.01942 0.82308 0.56757
1633434373 -43.56151 116.46292 -4.04029 0.00580 0.01960 0.81782 0.57511
1633434373 -43.40591 116.51199 -4.03526 0.00578 0.01979 0.81220 0.58301
1633434373 -43.10077 116.60699 -4.03040 0.00530 0.01935 0.80068 0.59876
1633434373 -42.93805 116.64467 -4.02843 0.00490 0.01904 0.79489 0.60643
1633434373 -42.61094 116.72091 -4.03047 0.00523 0.01816 0.78289 0.62187
1633434373 -42.26813 116.78769 -4.03299 0.00532 0.01808 0.77045 0.63722
1633434374 -42.08154 116.81505 -4.03271 0.00519 0.01825 0.76394 0.64501
1633434374 -41.72004 116.87073 -4.03230 0.00566 0.01858 0.75097 0.66005
1633434374 -41.56176 116.89024 -4.02758 0.00556 0.01900 0.74454 0.66729
1633434374 -41.26171 116.92555 -4.01943 0.00527 0.01951 0.73117 0.68190
1633434374 -41.10381 116.93075 -4.01474 0.00500 0.01951 0.72434 0.68915
1633434374 -40.80228 116.93111 -4.00782 0.00429 0.01977 0.71056 0.70335
1633434375 -40.49108 116.91442 -4.00462 0.00372 0.01964 0.69664 0.71714
1633434375 -40.16416 116.88124 -4.00203 0.00353 0.01886 0.68253 0.73060
1633434375 -39.82272 116.82756 -3.99881 0.00221 0.01808 0.66799 0.74395
1633434375 -39.64266 116.79174 -3.99652 0.00198 0.01813 0.66046 0.75064
1633434375 -39.27856 116.71767 -3.99431 0.00229 0.01842 0.64476 0.76416
1633434375 -39.08939 116.67173 -3.99192 0.00225 0.01827 0.63703 0.77062
1633434376 -38.74547 116.57877 -3.98771 0.00194 0.01763 0.62169 0.78306
1633434376 -38.56550 116.52004 -3.98434 0.00171 0.01715 0.61407 0.78906
1633434376 -38.38518 116.45947 -3.98099 0.00154 0.01707 0.60618 0.79514
1633434376 -38.05506 116.34191 -3.97624 0.00104 0.01767 0.58983 0.80733
1633434376 -37.89858 116.27710 -3.97346 0.00075 0.01808 0.58158 0.81329
1633434376 -37.59209 116.13747 -3.96775 0.00056 0.01838 0.56508 0.82483
1633434376 -37.29793 115.99070 -3.95761 0.00039 0.01784 0.54853 0.83594
1633434377 -37.14915 115.90933 -3.95069 0.00002 0.01762 0.54019 0.84136
1633434377 -37.00099 115.82407 -3.94443 -0.00024 0.01753 0.53152 0.84686
1633434377 -36.70858 115.64266 -3.93602 -0.00013 0.01762 0.51368 0.85780
1633434377 -36.55207 115.53875 -3.93042 0.00002 0.01750 0.50468 0.86313
1633434377 -36.24279 115.31766 -3.92091 -0.00027 0.01699 0.48707 0.87320
1633434377 -36.07851 115.19416 -3.91528 -0.00053 0.01665 0.47823 0.87808
1633434377 -35.76702 114.94557 -3.90567 -0.00129 0.01645 0.46011 0.88771
1633434378 -35.61606 114.81906 -3.89985 -0.00168 0.01667 0.45089 0.89242
1633434378 -35.46240 114.68241 -3.89426 -0.00187 0.01664 0.44171 0.89700
1633434378 -35.16363 114.39521 -3.88614 -0.00197 0.01616 0.42345 0.90577
1633434378 -35.01299 114.24280 -3.88047 -0.00215 0.01586 0.41432 0.90999
1633434378 -34.76328 113.96876 -3.86843 -0.00281 0.01534 0.39589 0.91816
1633434378 -34.65229 113.84214 -3.85950 -0.00308 0.01535 0.38684 0.92201
1633434378 -34.54501 113.71533 -3.85086 -0.00326 0.01543 0.37765 0.92581
1633434378 -34.43830 113.58395 -3.84263 -0.00345 0.01555 0.36847 0.92950
1633434379 -34.23038 113.30464 -3.83013 -0.00385 0.01564 0.35007 0.93659
1633434379 -34.12998 113.16299 -3.82204 -0.00409 0.01568 0.34089 0.93996
1633434379 -34.03655 113.02662 -3.81346 -0.00437 0.01549 0.33163 0.94327
1633434379 -33.86628 112.75816 -3.79780 -0.00469 0.01517 0.31305 0.94960
1633434379 -33.77368 112.60828 -3.78892 -0.00462 0.01506 0.30377 0.95261
1633434379 -33.59989 112.29087 -3.77506 -0.00476 0.01510 0.28508 0.95837
1633434379 -33.50758 112.11594 -3.76625 -0.00474 0.01488 0.27583 0.96108
1633434380 -33.33756 111.76091 -3.75141 -0.00488 0.01482 0.25728 0.96621
1633434380 -33.25378 111.58373 -3.74261 -0.00494 0.01488 0.24803 0.96863
1633434380 -33.17636 111.41220 -3.73362 -0.00495 0.01477 0.23881 0.97094
1633434380 -33.10659 111.25017 -3.72447 -0.00489 0.01460 0.22970 0.97314
1633434380 -33.04280 111.09432 -3.71536 -0.00497 0.01446 0.22055 0.97526
1633434380 -32.98328 110.94133 -3.70612 -0.00508 0.01431 0.21136 0.97729
1633434380 -32.88720 110.65207 -3.68923 -0.00527 0.01404 0.19305 0.98107
1633434380 -32.83829 110.50278 -3.67953 -0.00540 0.01387 0.18421 0.98277
1633434381 -32.79234 110.35519 -3.67012 -0.00546 0.01374 0.17534 0.98440
1633434381 -32.74727 110.19426 -3.66056 -0.00549 0.01358 0.16651 0.98593
1633434381 -32.70451 110.02913 -3.65141 -0.00563 0.01342 0.15774 0.98737
1633434381 -32.66423 109.86140 -3.64211 -0.00574 0.01326 0.14898 0.98874
1633434381 -32.62640 109.69214 -3.63261 -0.00579 0.01299 0.14037 0.99000
1633434381 -32.59078 109.52347 -3.62320 -0.00583 0.01273 0.13197 0.99115
1633434381 -32.55676 109.36780 -3.61370 -0.00585 0.01269 0.12381 0.99221
1633434381 -32.52649 109.20006 -3.60368 -0.00571 0.01256 0.11590 0.99316
1633434381 -32.49758 109.03332 -3.59404 -0.00565 0.01249 0.10817 0.99404
1633434381 -32.47197 108.88145 -3.58473 -0.00559 0.01243 0.10082 0.99481
1633434382 -32.43729 108.59479 -3.56776 -0.00578 0.01219 0.08661 0.99615
1633434382 -32.40986 108.31710 -3.55000 -0.00611 0.01227 0.07324 0.99722
1633434382 -32.38748 108.05273 -3.53288 -0.00602 0.01221 0.06078 0.99806
1633434382 -32.37160 107.79664 -3.51418 -0.00604 0.01197 0.04946 0.99869
1633434382 -32.35973 107.54609 -3.49510 -0.00644 0.01183 0.03933 0.99914
1633434383 -32.35056 107.29210 -3.47710 -0.00678 0.01175 0.03016 0.99945
1633434383 -32.34685 107.03749 -3.45867 -0.00683 0.01175 0.02124 0.99968
1633434383 -32.35351 106.76121 -3.43900 -0.00712 0.01139 0.01371 0.99982
1633434383 -32.36730 106.34918 -3.41178 -0.00717 0.01130 0.00296 0.99991
1633434384 -32.37639 105.96690 -3.38312 -0.00737 0.01130 -0.00595 0.99989
1633434384 -32.39783 105.54595 -3.35344 -0.00766 0.01124 -0.01375 0.99981
1633434384 -32.43587 104.96846 -3.31353 -0.00809 0.01070 -0.02163 0.99968
1633434385 -32.46670 104.24495 -3.26419 -0.00852 0.01063 -0.02658 0.99955
1633434386 -32.47809 102.93621 -3.17806 -0.00918 0.01053 -0.02274 0.99964
1633434386 -32.46522 102.28271 -3.13823 -0.00932 0.01083 -0.01580 0.99977
1633434387 -32.42822 101.63685 -3.09877 -0.00891 0.01176 -0.00917 0.99985
1633434387 -32.40773 100.33694 -3.01510 -0.00826 0.01164 -0.01713 0.99975
1633434388 -32.42754 99.87172 -2.98228 -0.00812 0.01172 -0.02633 0.99955
1633434388 -32.44807 99.40369 -2.95340 -0.00924 0.01113 -0.03665 0.99922
1633434388 -32.46813 98.92400 -2.92316 -0.00888 0.01048 -0.04448 0.99892
1633434389 -32.49575 97.89773 -2.86251 -0.00893 0.01083 -0.04688 0.99880
1633434389 -32.50020 96.82281 -2.79496 -0.00875 0.01060 -0.04126 0.99905
1633434390 -32.49339 95.46910 -2.71486 -0.00805 0.01204 -0.04621 0.99883
1633434390 -32.50772 94.85300 -2.67840 -0.00904 0.01122 -0.05561 0.99835
1633434391 -32.52679 94.41759 -2.65299 -0.00857 0.01103 -0.06309 0.99791
1633434391 -32.57885 94.02730 -2.62758 -0.00856 0.01109 -0.07181 0.99732
1633434391 -32.63580 93.60195 -2.60052 -0.00932 0.01042 -0.07896 0.99678
1633434391 -32.72211 92.89267 -2.56122 -0.00868 0.01042 -0.08739 0.99608
1633434392 -32.81631 92.11747 -2.51952 -0.00855 0.01048 -0.09579 0.99531
1633434392 -32.92488 91.31541 -2.47810 -0.00863 0.01007 -0.10441 0.99445
1633434392 -33.04769 90.47108 -2.43448 -0.00835 0.00946 -0.11292 0.99352
1633434393 -33.19864 89.61481 -2.39068 -0.00892 0.00970 -0.12135 0.99252
1633434393 -33.42797 88.36533 -2.32924 -0.00848 0.00976 -0.13070 0.99134
1633434393 -33.74355 86.71082 -2.25378 -0.00867 0.01005 -0.13744 0.99042
1633434394 -34.08150 84.99894 -2.17160 -0.00938 0.00929 -0.13976 0.99010
1633434395 -34.47794 82.85686 -2.07077 -0.01106 0.00729 -0.13430 0.99085
1633434395 -34.65658 81.74360 -2.01923 -0.01028 0.00668 -0.12506 0.99207
1633434395 -34.81701 80.62863 -1.96904 -0.00962 0.00748 -0.11307 0.99351
1633434395 -34.91581 79.87997 -1.93894 -0.00876 0.00736 -0.10329 0.99459
1633434396 -35.00321 79.11532 -1.90946 -0.00728 0.00734 -0.09297 0.99562
1633434396 -35.07388 78.36049 -1.87978 -0.00651 0.00695 -0.08143 0.99663
1633434396 -35.12295 77.57678 -1.85107 -0.00594 0.00679 -0.06904 0.99757
1633434396 -35.15290 76.80238 -1.82335 -0.00516 0.00718 -0.05572 0.99841
1633434396 -35.16230 76.02131 -1.79605 -0.00466 0.00759 -0.04195 0.99908
1633434397 -35.15060 75.24072 -1.76897 -0.00370 0.00718 -0.02815 0.99957
1633434397 -35.11570 74.45051 -1.74379 -0.00222 0.00719 -0.01442 0.99987
1633434397 -35.06247 73.69275 -1.71754 -0.00132 0.00612 -0.00041 0.99998
1633434397 -34.98346 72.94621 -1.69175 -0.00082 0.00615 0.01356 0.99989
1633434397 -34.88729 72.22584 -1.66890 0.00011 0.00624 0.02718 0.99961
1633434398 -34.77297 71.52517 -1.64658 0.00098 0.00615 0.04099 0.99914
1633434398 -34.64506 70.84307 -1.62765 0.00200 0.00546 0.05513 0.99846
1633434398 -34.50398 70.17302 -1.60929 0.00279 0.00436 0.06888 0.99761
1633434398 -34.34608 69.52682 -1.58997 0.00345 0.00267 0.08340 0.99651
1633434398 -34.17494 68.92536 -1.57442 0.00432 0.00250 0.09869 0.99511
1633434399 -34.00863 68.37305 -1.55546 0.00491 0.00288 0.11190 0.99370
1633434399 -33.84316 67.86377 -1.53575 0.00464 0.00295 0.12168 0.99255
1633434399 -33.68045 67.40004 -1.52021 0.00412 0.00121 0.13153 0.99130
1633434399 -33.51546 66.95472 -1.50561 0.00420 -0.00085 0.13985 0.99016
1633434399 -33.26621 66.29274 -1.48592 0.00436 -0.00279 0.15207 0.98836
1633434400 -33.00743 65.66902 -1.46715 0.00371 -0.00184 0.16403 0.98645
1633434400 -32.74387 65.08947 -1.45153 0.00304 -0.00090 0.17542 0.98449
1633434400 -32.47041 64.52178 -1.43633 0.00101 -0.00270 0.18586 0.98257
1633434401 -32.26724 64.14487 -1.42491 -0.00040 -0.00481 0.19310 0.98117
1633434401 -32.04353 63.75131 -1.41184 0.00062 -0.00565 0.20062 0.97965
1633434401 -31.67644 63.15020 -1.39350 0.00008 -0.00522 0.21168 0.97733
1633434401 -31.25712 62.50759 -1.37567 -0.00115 -0.00528 0.22321 0.97476
1633434402 -30.94914 62.11675 -1.36077 -0.00080 -0.00503 0.23074 0.97300
1633434402 -30.44605 61.33378 -1.34026 -0.00116 -0.00502 0.24193 0.97028
1633434402 -29.88806 60.49919 -1.31571 -0.00118 -0.00522 0.25257 0.96756
1633434402 -29.28544 59.61711 -1.29416 -0.00047 -0.00567 0.26240 0.96494
1633434403 -28.64141 58.70249 -1.26616 -0.00024 -0.00681 0.27125 0.96249
1633434403 -27.73003 57.44537 -1.24082 0.00086 -0.00770 0.28203 0.95937
1633434404 -26.77878 56.17379 -1.21564 0.00249 -0.00673 0.29123 0.95663
1633434404 -25.80793 54.92035 -1.18890 0.00222 -0.00645 0.29872 0.95432
1633434404 -24.82734 53.69560 -1.16563 0.00161 -0.00643 0.30522 0.95226
1633434405 -23.38293 51.92529 -1.12635 0.00033 -0.00625 0.31158 0.95020
1633434405 -22.12219 50.39952 -1.09746 -0.00131 -0.00742 0.31329 0.94963
1633434406 -20.46796 48.37560 -1.06247 -0.00033 -0.00601 0.31161 0.95019
1633434407 -18.96474 46.51350 -1.02316 -0.00147 -0.00607 0.30639 0.95188
1633434407 -17.99257 45.34077 -1.00366 -0.00372 -0.00622 0.30077 0.95367
1633434407 -16.74156 43.72955 -0.96339 -0.00355 -0.00660 0.29388 0.95581
1633434408 -15.49238 42.08686 -0.92197 -0.00161 -0.00794 0.28728 0.95781
1633434408 -14.54295 40.83256 -0.87613 -0.00346 -0.00756 0.28225 0.95930
1633434408 -13.62832 39.58469 -0.84263 -0.00302 -0.00668 0.27652 0.96098
1633434409 -12.73424 38.33266 -0.80357 -0.00315 -0.00618 0.27070 0.96264
1633434409 -11.91403 37.11511 -0.77468 -0.00163 -0.00814 0.26467 0.96430
1633434409 -11.11764 35.89855 -0.74277 -0.00163 -0.00867 0.25777 0.96617
1633434409 -10.36341 34.69563 -0.71930 -0.00047 -0.01025 0.25160 0.96778
1633434410 -9.40166 33.12194 -0.68513 0.00094 -0.00843 0.24293 0.97001
1633434410 -8.48538 31.57336 -0.66119 0.00203 -0.00788 0.23503 0.97195
1633434411 -7.83931 30.45776 -0.64106 0.00228 -0.00765 0.22901 0.97339
1633434411 -7.09534 29.10177 -0.61875 0.00236 -0.00782 0.22240 0.97492
1633434411 -6.40885 27.81565 -0.60264 0.00215 -0.00853 0.21611 0.97633
1633434412 -5.68960 26.35460 -0.57769 0.00128 -0.00931 0.20832 0.97802
1633434412 -5.05016 24.97013 -0.55631 0.00147 -0.00925 0.20116 0.97951
1633434413 -4.45260 23.62930 -0.53104 0.00139 -0.00907 0.19303 0.98115
1633434413 -3.96833 22.54796 -0.51436 0.00109 -0.00971 0.18594 0.98251
1633434414 -3.39498 21.23325 -0.48317 0.00079 -0.00945 0.17687 0.98419
1633434414 -2.86543 19.95096 -0.45050 0.00048 -0.01005 0.16704 0.98590
1633434415 -2.47376 18.94603 -0.41552 -0.00011 -0.01001 0.15893 0.98724
1633434415 -2.08426 17.92610 -0.38000 0.00005 -0.00953 0.15053 0.98856
1633434415 -1.67376 16.84887 -0.34543 0.00030 -0.00971 0.14099 0.98996
1633434416 -1.37226 16.03940 -0.32849 0.00016 -0.00929 0.13316 0.99105
1633434416 -1.08910 15.23994 -0.31355 0.00009 -0.00859 0.12522 0.99209
1633434416 -0.87199 14.51961 -0.29515 0.00035 -0.00820 0.11734 0.99306
1633434417 -0.64839 13.75023 -0.27626 -0.00078 -0.00862 0.10937 0.99396
1633434417 -0.45060 12.99580 -0.25964 -0.00026 -0.00766 0.10058 0.99490
1633434417 -0.26724 12.23031 -0.24572 -0.00142 -0.00724 0.09171 0.99576
1633434418 -0.08933 11.43606 -0.23199 -0.00151 -0.00701 0.08264 0.99655
1633434418 0.05210 10.69603 -0.21684 -0.00234 -0.00707 0.07466 0.99718
1633434418 0.18543 9.95607 -0.20289 -0.00236 -0.00628 0.06834 0.99764
1633434419 0.36119 8.94092 -0.18247 -0.00246 -0.00504 0.06166 0.99808
1633434419 0.51995 7.93894 -0.16430 -0.00223 -0.00431 0.05609 0.99841
1633434419 0.67115 6.93152 -0.14777 -0.00214 -0.00258 0.05159 0.99866
1633434420 0.81495 5.92014 -0.13259 -0.00177 -0.00134 0.04765 0.99886
1633434420 0.94303 4.92123 -0.11856 -0.00140 -0.00036 0.04341 0.99906
1633434421 1.05455 3.93731 -0.10480 -0.00101 0.00124 0.03734 0.99930
1633434421 1.11661 3.20954 -0.09656 -0.00088 0.00226 0.03090 0.99952
1633434421 1.17942 2.40474 -0.08794 -0.00053 0.00342 0.02195 0.99975
1633434421 1.21338 1.87541 -0.08250 -0.00032 0.00409 0.01459 0.99989
1633434422 1.24102 1.32222 -0.07619 -0.00024 0.00461 0.00576 0.99997
1633434422 1.25412 0.77388 -0.07020 -0.00007 0.00497 -0.00421 0.99998
1633434422 1.25341 0.21584 -0.06239 0.00013 0.00513 -0.01540 0.99987
1633434422 1.24582 -0.34721 -0.05655 0.00005 0.00526 -0.02756 0.99961
1633434422 1.22107 -0.92554 -0.04769 -0.00000 0.00538 -0.04062 0.99916
1633434423 1.18168 -1.51249 -0.04401 0.00031 0.00564 -0.05415 0.99852
1633434423 1.12424 -2.11223 -0.03893 0.00040 0.00549 -0.06782 0.99768
1633434423 1.06216 -2.71620 -0.03571 0.00045 0.00570 -0.08149 0.99666
1633434423 0.98088 -3.33315 -0.03237 0.00086 0.00598 -0.09530 0.99543
1633434423 0.87472 -3.88312 -0.02782 0.00201 0.00609 -0.11066 0.99384
1633434424 0.76129 -4.37339 -0.02246 0.00210 0.00445 -0.12313 0.99238
1633434424 0.65054 -4.81358 -0.01164 0.00120 0.00313 -0.13230 0.99120
1633434424 0.52915 -5.24146 -0.01269 0.00032 0.00284 -0.14162 0.98992
1633434424 0.40060 -5.64860 -0.00276 0.00002 0.00256 -0.14856 0.98890
1633434424 0.22104 -6.24698 0.00135 -0.00005 0.00252 -0.15679 0.98763
1633434425 0.03418 -6.79348 0.01046 -0.00020 0.00200 -0.16504 0.98629
1633434425 -0.15044 -7.29991 0.01865 -0.00033 0.00098 -0.17108 0.98526
1633434425 -0.38515 -7.92939 0.02741 -0.00007 0.00039 -0.17697 0.98422
1633434426 -0.65271 -8.61840 0.03743 -0.00011 -0.00007 -0.18248 0.98321
1633434427 -0.94930 -9.40239 0.05125 -0.00028 -0.00159 -0.18689 0.98238
1633434427 -1.23542 -10.11557 0.06112 0.00072 -0.00364 -0.19030 0.98172
1633434428 -1.30341 -10.21046 0.07845 -0.00072 -0.00338 -0.18952 0.98187
