1633433987 0.42134 -2.29360 -0.00287 0.00151 -0.01653 -0.10675 0.99415
1633433988 0.46205 -2.60203 0.01214 0.00169 -0.01931 -0.11463 0.99322
1633433988 0.46641 -2.77286 0.01342 0.00053 -0.02076 -0.12255 0.99224
1633433989 0.46923 -3.00547 0.01723 0.00378 -0.02678 -0.13033 0.99110
1633433989 0.43938 -3.30825 0.00397 0.01035 -0.02957 -0.13790 0.98995
1633433989 0.46723 -3.44285 -0.00171 0.01214 -0.02668 -0.14543 0.98893
1633433990 0.43624 -3.69339 -0.00986 0.01542 -0.02179 -0.15294 0.98787
1633433990 0.41767 -3.97381 -0.01653 0.01634 -0.01810 -0.16058 0.98672
1633433991 0.38593 -4.23633 -0.01843 0.01489 -0.01590 -0.16796 0.98555
1633433991 0.34751 -4.52737 -0.01862 0.01495 -0.01677 -0.17592 0.98415
1633433992 0.31250 -4.83365 -0.01559 0.01366 -0.01710 -0.18233 0.98299
1633433992 0.27557 -5.14254 -0.00577 0.01355 -0.01754 -0.18754 0.98201
1633433994 0.17262 -5.57358 0.00809 0.01236 -0.02122 -0.19166 0.98115
1633433995 -0.12306 -6.27910 0.02187 0.01143 -0.02428 -0.19348 0.98074
1633433996 -0.50578 -7.11355 0.05187 0.01076 -0.02475 -0.19285 0.98086
1633433997 -0.65669 -7.14883 0.08345 0.01125 -0.02519 -0.19253 0.98090
1633433997 -0.67313 -7.13289 0.09735 0.00959 -0.02391 -0.19296 0.98087
1633434011 -10.78403 -10.58266 0.83264 0.02319 0.01145 0.08986 0.99562
1633434011 -10.68020 -10.23112 0.76918 0.02636 0.00581 0.06120 0.99776
1633434012 -10.26078 -10.15065 0.83630 0.02786 0.00174 0.02345 0.99934
1633434012 -9.37263 -10.28332 0.76666 0.02297 -0.00117 -0.02348 0.99946
1633434013 -8.57694 -10.45723 0.65012 0.02087 -0.00185 -0.06154 0.99788
1633434013 -8.01923 -10.66541 0.59300 0.02028 -0.00319 -0.08867 0.99585
1633434013 -7.45450 -10.96976 0.47693 0.01762 -0.00527 -0.11451 0.99325
1633434013 -7.10781 -11.41536 0.39949 0.01604 -0.00443 -0.13553 0.99063
1633434014 -6.63151 -11.55533 0.32662 0.01658 -0.00372 -0.15262 0.98814
1633434014 -6.76504 -12.10161 0.32755 0.01883 -0.00330 -0.16252 0.98652
1633434014 -6.85812 -12.55762 0.31593 0.01781 -0.00372 -0.17226 0.98488
1633434014 -6.95811 -12.89671 0.28594 0.01775 -0.00354 -0.17816 0.98384
1633434015 -7.10765 -13.38405 0.27413 0.01835 -0.00356 -0.18643 0.98229
1633434015 -7.22687 -13.86299 0.24612 0.01750 -0.00345 -0.19449 0.98074
1633434015 -7.38229 -14.36477 0.22849 0.01626 -0.00461 -0.20212 0.97921
1633434016 -7.53990 -14.89826 0.21605 0.01452 -0.00401 -0.20990 0.97761
1633434016 -7.72782 -15.47209 0.19597 0.01324 -0.00309 -0.21735 0.97600
1633434016 -7.95463 -16.10838 0.17326 0.01091 -0.00250 -0.22427 0.97446
1633434017 -8.23541 -16.76175 0.17051 0.01071 -0.00355 -0.22937 0.97327
1633434017 -8.57579 -17.41042 0.17434 0.00994 -0.00627 -0.23452 0.97204
1633434017 -8.91277 -17.99301 0.19479 0.00856 -0.00959 -0.23904 0.97092
1633434017 -9.20293 -18.56573 0.19898 0.00877 -0.00933 -0.24351 0.96981
1633434018 -9.49365 -19.14873 0.21596 0.00986 -0.01120 -0.24697 0.96891
1633434018 -9.79061 -19.74097 0.22562 0.01193 -0.01087 -0.25063 0.96795
1633434018 -10.10081 -20.38733 0.18803 0.01437 -0.01331 -0.25378 0.96706
1633434019 -10.38202 -20.97172 0.15954 0.01402 -0.01182 -0.25677 0.96630
1633434019 -10.64011 -21.50132 0.13073 0.01246 -0.01244 -0.25912 0.96569
1633434019 -10.88164 -22.00434 0.10389 0.01174 -0.01194 -0.26176 0.96499
1633434020 -11.10815 -22.46856 0.07570 0.00871 -0.01269 -0.26493 0.96414
1633434020 -11.25108 -22.75356 0.06470 0.00712 -0.01197 -0.26742 0.96348
1633434020 -11.49731 -23.23077 0.05881 0.00726 -0.01300 -0.27086 0.96250
1633434020 -11.76171 -23.72408 0.05607 0.00796 -0.01174 -0.27509 0.96131
1633434021 -12.04935 -24.24610 0.05004 0.00870 -0.01055 -0.27994 0.95992
1633434021 -12.37190 -24.80961 0.04447 0.01043 -0.00801 -0.28552 0.95828
1633434021 -12.69354 -25.30960 0.04211 0.01190 -0.00703 -0.29166 0.95642
1633434022 -13.06951 -25.88583 0.03892 0.01054 -0.00399 -0.29864 0.95430
1633434022 -13.34639 -26.31959 0.03925 0.00920 -0.00303 -0.30323 0.95287
1633434022 -13.64756 -26.78927 0.04029 0.00941 -0.00172 -0.30816 0.95129
1633434022 -14.03605 -27.42330 0.03932 0.00953 -0.00083 -0.31315 0.94965
1633434022 -14.42974 -28.01372 0.03435 0.00962 0.00030 -0.31793 0.94807
1633434023 -14.84769 -28.65685 0.02993 0.00951 0.00154 -0.32263 0.94648
1633434023 -15.28266 -29.32393 0.02609 0.01138 0.00257 -0.32701 0.94495
1633434023 -15.95413 -30.28055 0.01397 0.01522 0.00412 -0.33281 0.94286
1633434023 -16.63483 -31.18619 0.00719 0.01679 0.00635 -0.33825 0.94088
1633434024 -17.29334 -32.03435 -0.01898 0.01827 0.00624 -0.34284 0.93919
1633434024 -17.98699 -32.93134 -0.04042 0.01916 0.00731 -0.34683 0.93770
1633434024 -18.67888 -33.82037 -0.06186 0.02070 0.00872 -0.35046 0.93631
1633434025 -19.39057 -34.72670 -0.08220 0.02055 0.01028 -0.35408 0.93493
1633434025 -20.09942 -35.62817 -0.10547 0.02067 0.01091 -0.35769 0.93355
1633434025 -20.80498 -36.51466 -0.12059 0.02116 0.01110 -0.36132 0.93213
1633434025 -21.46194 -37.31250 -0.15240 0.02073 0.01073 -0.36485 0.93077
1633434026 -22.13030 -38.13554 -0.16521 0.02113 0.01098 -0.36859 0.92929
1633434026 -22.78659 -38.92693 -0.17790 0.02315 0.00989 -0.37275 0.92759
1633434026 -23.48058 -39.77030 -0.19494 0.02247 0.00951 -0.37733 0.92576
1633434027 -24.17265 -40.57605 -0.21118 0.02262 0.00899 -0.38182 0.92392
1633434027 -24.87302 -41.38369 -0.22751 0.02466 0.00757 -0.38639 0.92198
1633434027 -25.56912 -42.16515 -0.24713 0.02449 0.00775 -0.39084 0.92010
1633434028 -26.29059 -42.95597 -0.26990 0.02367 0.00740 -0.39465 0.91850
1633434028 -26.99477 -43.72840 -0.28276 0.02337 0.00732 -0.39788 0.91711
1633434028 -27.66745 -44.45517 -0.29194 0.02504 0.00651 -0.40008 0.91611
1633434028 -28.32048 -45.15343 -0.31698 0.02557 0.00594 -0.40180 0.91535
1633434029 -28.99408 -45.87925 -0.35020 0.02584 0.00516 -0.40303 0.91481
1633434029 -29.64773 -46.58896 -0.36494 0.02543 0.00498 -0.40357 0.91458
1633434029 -30.27942 -47.28048 -0.39580 0.02694 0.00240 -0.40302 0.91479
1633434030 -30.90300 -47.98572 -0.42884 0.02775 0.00115 -0.40247 0.91501
1633434030 -31.51201 -48.68394 -0.44705 0.02725 0.00123 -0.40164 0.91539
1633434030 -32.11135 -49.38181 -0.47165 0.02652 0.00043 -0.40061 0.91587
1633434031 -32.75053 -50.14274 -0.49658 0.02569 -0.00063 -0.39939 0.91642
1633434031 -33.42640 -50.96910 -0.52879 0.02472 -0.00160 -0.39793 0.91708
1633434031 -34.11189 -51.82423 -0.54691 0.02443 -0.00168 -0.39639 0.91775
1633434031 -34.84844 -52.75752 -0.57145 0.02396 -0.00255 -0.39496 0.91838
1633434032 -35.63269 -53.76130 -0.59285 0.02301 -0.00366 -0.39365 0.91896
1633434032 -36.44618 -54.80963 -0.61967 0.02332 -0.00510 -0.39222 0.91956
1633434032 -37.30634 -55.91527 -0.64762 0.02441 -0.00566 -0.39089 0.92010
1633434033 -38.18648 -57.05249 -0.67699 0.02441 -0.00593 -0.38951 0.92068
1633434033 -39.10605 -58.23644 -0.70667 0.02421 -0.00679 -0.38795 0.92134
1633434033 -40.02733 -59.41932 -0.73869 0.02481 -0.00781 -0.38668 0.92185
1633434034 -40.97001 -60.63427 -0.76917 0.02498 -0.00838 -0.38550 0.92233
1633434034 -41.91732 -61.85531 -0.79960 0.02488 -0.00915 -0.38442 0.92278
1633434034 -42.89386 -63.10561 -0.82968 0.02491 -0.00992 -0.38366 0.92309
1633434034 -43.88179 -64.36256 -0.85964 0.02471 -0.01069 -0.38309 0.92332
1633434035 -44.91016 -65.66728 -0.88662 0.02462 -0.01150 -0.38265 0.92349
1633434035 -45.96098 -66.97847 -0.91661 0.02428 -0.01224 -0.38250 0.92355
1633434035 -47.03957 -68.30805 -0.94627 0.02397 -0.01289 -0.38237 0.92361
1633434036 -48.13328 -69.64628 -0.97422 0.02358 -0.01365 -0.38230 0.92363
1633434036 -49.25141 -71.00622 -1.00240 0.02378 -0.01447 -0.38245 0.92356
1633434036 -50.36883 -72.36379 -1.02799 0.02378 -0.01479 -0.38280 0.92341
1633434037 -51.50859 -73.73417 -1.05557 0.02409 -0.01502 -0.38317 0.92324
1633434037 -52.64855 -75.08581 -1.08487 0.02452 -0.01532 -0.38352 0.92308
1633434037 -53.81436 -76.46458 -1.11329 0.02465 -0.01531 -0.38404 0.92286
1633434037 -54.98003 -77.82855 -1.14424 0.02454 -0.01532 -0.38438 0.92272
1633434038 -56.55778 -79.66153 -1.18505 0.02474 -0.01510 -0.38465 0.92261
1633434038 -57.76730 -81.04049 -1.21671 0.02358 -0.01493 -0.38478 0.92259
1633434038 -58.97735 -82.41790 -1.24413 0.02217 -0.01482 -0.38495 0.92255
1633434039 -60.21870 -83.83082 -1.26867 0.02142 -0.01506 -0.38524 0.92245
1633434039 -61.45562 -85.22363 -1.29229 0.02105 -0.01539 -0.38555 0.92232
1633434039 -63.13639 -87.11951 -1.32168 0.02102 -0.01581 -0.38595 0.92214
1633434040 -64.84590 -89.02586 -1.35079 0.02092 -0.01571 -0.38639 0.92196
1633434040 -66.16011 -90.46709 -1.37698 0.02082 -0.01570 -0.38650 0.92192
1633434040 -67.46956 -91.90369 -1.39966 0.02056 -0.01552 -0.38635 0.92199
1633434041 -69.22779 -93.81919 -1.43060 0.02024 -0.01530 -0.38595 0.92217
1633434041 -70.99397 -95.73490 -1.45804 0.01972 -0.01541 -0.38552 0.92236
1633434042 -73.21974 -98.12756 -1.49184 0.01912 -0.01619 -0.38537 0.92242
1633434042 -74.98970 -100.07748 -1.51351 0.01903 -0.01568 -0.38543 0.92241
1633434043 -76.85582 -102.00926 -1.54687 0.01883 -0.01536 -0.38554 0.92237
1633434043 -78.71116 -103.99332 -1.57210 0.01867 -0.01446 -0.38527 0.92250
1633434043 -81.03258 -106.46013 -1.60500 0.01971 -0.01414 -0.38477 0.92269
1633434044 -82.94695 -108.46739 -1.63605 0.01944 -0.01446 -0.38455 0.92278
1633434044 -85.42952 -111.04918 -1.67859 0.01967 -0.01520 -0.38436 0.92285
1633434045 -87.91433 -113.64517 -1.71658 0.01906 -0.01466 -0.38404 0.92300
1633434045 -89.91942 -115.73365 -1.74780 0.01956 -0.01464 -0.38378 0.92310
1633434046 -92.46682 -118.38717 -1.78605 0.01843 -0.01443 -0.38340 0.92329
1633434046 -96.12010 -122.12420 -1.83871 0.01850 -0.01494 -0.38311 0.92340
1633434047 -98.77726 -124.85007 -1.87258 0.01885 -0.01549 -0.38324 0.92333
1633434047 -101.46725 -127.60151 -1.91067 0.01863 -0.01543 -0.38309 0.92339
1633434048 -103.64741 -129.86144 -1.93707 0.01765 -0.01522 -0.38281 0.92353
1633434048 -105.87553 -132.15133 -1.96071 0.01685 -0.01563 -0.38274 0.92357
1633434049 -108.09953 -134.44993 -1.98381 0.01766 -0.01665 -0.38339 0.92327
1633434049 -110.90422 -137.30277 -2.01369 0.01797 -0.01626 -0.38427 0.92290
1633434050 -113.70636 -140.14523 -2.04196 0.01887 -0.01465 -0.38512 0.92256
1633434050 -116.49778 -142.98107 -2.07168 0.01987 -0.01434 -0.38631 0.92204
1633434051 -118.73355 -145.26181 -2.09662 0.01981 -0.01338 -0.38706 0.92174
1633434051 -122.14342 -148.64441 -2.13243 0.02014 -0.01253 -0.38791 0.92139
1633434052 -124.98722 -151.47079 -2.15919 0.01970 -0.01323 -0.38820 0.92127
1633434052 -127.84673 -154.34023 -2.18564 0.01936 -0.01326 -0.38840 0.92119
1633434053 -130.69003 -157.19319 -2.21433 0.01995 -0.01361 -0.38844 0.92116
1633434053 -133.54554 -160.07940 -2.24519 0.01978 -0.01356 -0.38858 0.92110
1633434054 -135.80018 -162.41137 -2.25939 0.01872 -0.01323 -0.38872 0.92107
1633434054 -138.68391 -165.32685 -2.28510 0.01911 -0.01291 -0.38886 0.92101
1633434054 -140.99054 -167.72167 -2.30275 0.01940 -0.01275 -0.38920 0.92086
1633434055 -143.17099 -170.03609 -2.31662 0.01951 -0.01220 -0.38969 0.92066
1633434055 -145.42482 -172.36349 -2.33038 0.01953 -0.01112 -0.39023 0.92044
1633434056 -147.67233 -174.69433 -2.34176 0.01976 -0.01014 -0.39088 0.92017
1633434056 -149.33883 -176.47304 -2.34901 0.01944 -0.00942 -0.39166 0.91986
1633434056 -151.57954 -178.78393 -2.35682 0.01943 -0.00907 -0.39326 0.91918
1633434057 -153.88966 -181.12141 -2.36289 0.01912 -0.00857 -0.39523 0.91834
1633434057 -156.14852 -183.41925 -2.36610 0.01976 -0.00822 -0.39798 0.91714
1633434057 -157.89135 -185.13807 -2.37422 0.02008 -0.00763 -0.40015 0.91620
1633434058 -160.22718 -187.43057 -2.38292 0.02137 -0.00689 -0.40298 0.91493
1633434058 -161.97692 -189.13858 -2.39460 0.02339 -0.00647 -0.40598 0.91356
1633434058 -163.71842 -190.82366 -2.40674 0.02414 -0.00523 -0.40945 0.91200
1633434059 -166.09337 -193.04350 -2.41569 0.02201 -0.00337 -0.41503 0.90953
1633434059 -167.22481 -194.16275 -2.42514 0.01944 -0.00155 -0.41853 0.90800
1633434059 -168.36629 -195.25772 -2.42265 0.01915 -0.00030 -0.42193 0.90643
1633434060 -170.14287 -196.85464 -2.41383 0.02003 0.00070 -0.42790 0.90360
1633434060 -171.29072 -197.86625 -2.40655 0.02138 0.00025 -0.43193 0.90166
1633434060 -173.00161 -199.35266 -2.39785 0.02242 0.00003 -0.43703 0.89917
1633434060 -175.35637 -201.30804 -2.38970 0.02296 0.00002 -0.44400 0.89573
1633434061 -177.16133 -202.77651 -2.38645 0.02070 0.00012 -0.44944 0.89307
1633434061 -179.56384 -204.68144 -2.37980 0.02026 -0.00190 -0.45675 0.88936
1633434062 -181.39638 -206.09261 -2.37148 0.01918 -0.00310 -0.46241 0.88645
1633434062 -183.81947 -207.91433 -2.36672 0.02017 -0.00492 -0.46925 0.88282
1633434062 -185.63186 -209.24786 -2.37363 0.02319 -0.00631 -0.47522 0.87954
1633434063 -187.43519 -210.53511 -2.38306 0.02476 -0.00862 -0.48195 0.87581
1633434063 -189.17098 -211.75516 -2.39308 0.02397 -0.00991 -0.48891 0.87195
1633434063 -190.88005 -212.91379 -2.40275 0.02135 -0.01092 -0.49518 0.86846
1633434063 -192.64550 -214.07485 -2.40579 0.01925 -0.00974 -0.50155 0.86486
1633434064 -193.77687 -214.80249 -2.41339 0.01817 -0.00923 -0.50571 0.86246
1633434064 -195.46768 -215.86203 -2.41368 0.01814 -0.00871 -0.51233 0.85855
1633434064 -197.16345 -216.89468 -2.40959 0.01772 -0.00946 -0.51880 0.85466
1633434064 -198.88208 -217.90879 -2.40496 0.01629 -0.01003 -0.52537 0.85066
1633434065 -200.61935 -218.89689 -2.40050 0.01527 -0.01060 -0.53176 0.84669
1633434065 -202.33698 -219.83193 -2.39763 0.01587 -0.01117 -0.53792 0.84277
1633434065 -204.03220 -220.73359 -2.39450 0.01669 -0.01169 -0.54413 0.83875
1633434066 -205.72273 -221.60498 -2.38513 0.01491 -0.01083 -0.55048 0.83465
1633434066 -207.45252 -222.46538 -2.37726 0.01186 -0.01032 -0.55676 0.83052
1633434066 -209.04886 -223.22306 -2.36978 0.01133 -0.01035 -0.56272 0.82651
1633434067 -210.69251 -223.97978 -2.36161 0.01244 -0.01119 -0.56805 0.82282
1633434067 -212.33042 -224.71735 -2.35704 0.01287 -0.01105 -0.57332 0.81916
1633434067 -213.99737 -225.43699 -2.35708 0.01454 -0.01186 -0.57813 0.81573
1633434067 -215.66686 -226.14442 -2.36072 0.01669 -0.01334 -0.58248 0.81256
1633434068 -217.96011 -227.09194 -2.36708 0.01608 -0.01439 -0.58853 0.80819
1633434068 -219.69912 -227.77047 -2.37885 0.01508 -0.01505 -0.59358 0.80449
1633434069 -221.38965 -228.38508 -2.38348 0.01481 -0.01548 -0.59813 0.80111
1633434069 -223.65987 -229.21556 -2.37846 0.01380 -0.01477 -0.60076 0.79917
1633434069 -225.94232 -230.08945 -2.37885 0.00979 -0.01192 -0.59612 0.80274
1633434070 -228.21644 -230.96686 -2.36642 0.01385 -0.01117 -0.59602 0.80277
1633434070 -229.91569 -231.59655 -2.36240 0.01378 -0.01317 -0.59747 0.80166
1633434070 -232.17587 -232.43919 -2.35901 0.01202 -0.01276 -0.60149 0.79869
1633434071 -234.44879 -233.24970 -2.35997 0.01341 -0.01122 -0.60642 0.79495
1633434071 -236.19530 -233.80258 -2.34929 0.01469 -0.01099 -0.61128 0.79120
1633434071 -237.86696 -234.35446 -2.35545 0.01475 -0.01039 -0.61655 0.78711
1633434072 -239.52550 -234.85145 -2.34955 0.01228 -0.00863 -0.62268 0.78233
1633434072 -241.25691 -235.38627 -2.34207 0.01081 -0.00706 -0.62964 0.77678
1633434072 -242.40582 -235.72026 -2.33403 0.01100 -0.00677 -0.63477 0.77259
1633434072 -243.57450 -236.03111 -2.32862 0.01076 -0.00731 -0.63967 0.76854
1633434073 -244.71699 -236.30839 -2.32084 0.01149 -0.00793 -0.64488 0.76416
1633434073 -245.86717 -236.58297 -2.31127 0.01262 -0.00842 -0.65008 0.75972
1633434073 -247.04441 -236.85616 -2.31026 0.01355 -0.00898 -0.65533 0.75517
1633434073 -248.83741 -237.24721 -2.30974 0.01576 -0.00953 -0.66303 0.74836
1633434074 -250.65909 -237.61492 -2.30726 0.01855 -0.01014 -0.67091 0.74124
1633434074 -252.48579 -237.94763 -2.30559 0.01987 -0.01010 -0.67909 0.73372
1633434074 -254.32712 -238.24592 -2.30674 0.01879 -0.00908 -0.68775 0.72565
1633434074 -255.54318 -238.41518 -2.31775 0.01774 -0.00858 -0.69360 0.72009
1633434075 -256.72280 -238.55622 -2.32195 0.01672 -0.00941 -0.69869 0.71517
1633434075 -257.89350 -238.68043 -2.32293 0.01625 -0.00942 -0.70372 0.71023
1633434075 -258.96225 -238.77864 -2.32686 0.01509 -0.00965 -0.70838 0.70561
1633434075 -260.45871 -238.88904 -2.32641 0.01421 -0.00766 -0.71476 0.69918
1633434076 -262.03879 -238.97812 -2.31555 0.01266 -0.00359 -0.72038 0.69346
1633434076 -263.68068 -239.04043 -2.30397 0.01339 -0.00279 -0.72599 0.68757
1633434076 -265.31105 -239.09222 -2.28807 0.01534 -0.00486 -0.73172 0.68142
1633434076 -266.41117 -239.10226 -2.27366 0.01547 -0.00664 -0.73581 0.67698
1633434077 -267.48111 -239.09651 -2.26461 0.01500 -0.00781 -0.73962 0.67281
1633434077 -269.05144 -239.07260 -2.25649 0.01342 -0.00844 -0.74485 0.66705
1633434077 -270.56662 -239.01230 -2.24809 0.01299 -0.00963 -0.75006 0.66117
1633434078 -271.96516 -238.93721 -2.23674 0.01284 -0.00963 -0.75503 0.65550
1633434078 -273.44423 -238.82465 -2.22528 0.01252 -0.00861 -0.75987 0.64989
1633434078 -274.98561 -238.68322 -2.21367 0.01229 -0.00742 -0.76458 0.64437
1633434078 -276.58200 -238.53248 -2.20480 0.01109 -0.00776 -0.76898 0.63913
1633434079 -278.21442 -238.35366 -2.19523 0.01092 -0.00775 -0.77329 0.63392
1633434079 -279.82388 -238.15734 -2.19319 0.01041 -0.00832 -0.77751 0.62873
1633434079 -281.32766 -237.95126 -2.18945 0.01007 -0.00700 -0.78156 0.62371
1633434080 -282.83693 -237.67259 -2.17719 0.00852 -0.00616 -0.78540 0.61889
1633434080 -284.37160 -237.38160 -2.16829 0.00942 -0.00712 -0.78943 0.61373
1633434080 -285.90068 -237.05655 -2.15736 0.00969 -0.00947 -0.79333 0.60864
1633434081 -287.43793 -236.71277 -2.15116 0.00877 -0.00906 -0.79710 0.60372
1633434081 -288.99709 -236.34952 -2.14936 0.00709 -0.00844 -0.80094 0.59864
1633434081 -290.57522 -235.96638 -2.14432 0.00780 -0.00835 -0.80509 0.59305
1633434081 -291.60191 -235.69739 -2.14897 0.00795 -0.00954 -0.80770 0.58946
1633434082 -292.63754 -235.42321 -2.15712 0.00817 -0.01018 -0.80996 0.58634
1633434082 -294.22981 -235.00181 -2.16390 0.00741 -0.01029 -0.81355 0.58136
1633434082 -295.87488 -234.53271 -2.16680 0.00827 -0.00918 -0.81713 0.57632
1633434082 -297.55101 -234.06027 -2.17461 0.00835 -0.00960 -0.82062 0.57133
1633434083 -299.26553 -233.53877 -2.18431 0.00717 -0.00958 -0.82417 0.56621
1633434083 -300.99046 -232.96938 -2.18433 0.00661 -0.00992 -0.82776 0.56096
1633434083 -302.13620 -232.55973 -2.18474 0.00617 -0.01080 -0.83024 0.55727
1633434083 -303.28650 -232.14742 -2.18928 0.00612 -0.01112 -0.83273 0.55353
1633434084 -304.38903 -231.75362 -2.20418 0.00599 -0.01136 -0.83523 0.54975
1633434084 -305.38017 -231.38182 -2.22281 0.00534 -0.01186 -0.83760 0.54613
1633434084 -306.39102 -230.98565 -2.22964 0.00581 -0.01135 -0.84007 0.54232
1633434084 -307.43988 -230.56640 -2.24419 0.00478 -0.01110 -0.84259 0.53842
1633434084 -308.48223 -230.14803 -2.25603 0.00531 -0.01083 -0.84508 0.53450
1633434085 -309.55261 -229.70134 -2.26667 0.00533 -0.01077 -0.84766 0.53041
1633434085 -310.63405 -229.24239 -2.27457 0.00506 -0.01072 -0.84988 0.52684
1633434085 -311.70538 -228.78156 -2.28639 0.00518 -0.01004 -0.85215 0.52317
1633434085 -312.77929 -228.30433 -2.29618 0.00456 -0.00994 -0.85421 0.51981
1633434085 -313.82685 -227.83410 -2.30502 0.00567 -0.00964 -0.85625 0.51643
1633434086 -315.40762 -227.11095 -2.31712 0.00590 -0.01063 -0.85913 0.51162
1633434086 -316.98973 -226.36923 -2.32677 0.00662 -0.00999 -0.86189 0.50695
1633434086 -318.56981 -225.59999 -2.33916 0.00639 -0.00926 -0.86434 0.50277
1633434087 -320.14153 -224.81271 -2.34947 -0.00673 0.00971 0.86689 -0.49836
1633434087 -321.70025 -224.01419 -2.36384 -0.00711 0.00967 0.86896 -0.49474
1633434087 -323.23422 -223.21190 -2.37745 -0.00735 0.00901 0.87073 -0.49162
1633434088 -324.74371 -222.40228 -2.38744 -0.00663 0.00812 0.87233 -0.48881
1633434088 -326.21231 -221.60377 -2.40000 -0.00801 0.00887 0.87366 -0.48638
1633434088 -327.57644 -220.85620 -2.41918 -0.00880 0.00905 0.87501 -0.48394
1633434088 -328.92719 -220.10329 -2.43368 -0.00831 0.00873 0.87626 -0.48169
1633434089 -330.29104 -219.31862 -2.44289 -0.00815 0.00805 0.87727 -0.47985
1633434089 -331.65145 -218.53693 -2.45577 -0.00877 0.00724 0.87838 -0.47783
1633434089 -333.00086 -217.76854 -2.46948 -0.00870 0.00663 0.87946 -0.47584
1633434090 -334.36840 -216.92398 -2.46851 -0.00924 0.00636 0.88052 -0.47388
1633434090 -335.74833 -216.12922 -2.48944 -0.01006 0.00810 0.88132 -0.47234
1633434090 -337.12274 -215.30610 -2.50423 -0.01067 0.00911 0.88219 -0.47068
1633434091 -338.47961 -214.50828 -2.52955 -0.01085 0.00804 0.88281 -0.46954
1633434091 -339.86082 -213.65981 -2.54551 -0.01073 0.00738 0.88328 -0.46866
1633434091 -341.23732 -212.83307 -2.55908 -0.00985 0.00665 0.88374 -0.46782
1633434091 -342.62533 -211.98772 -2.57322 -0.00971 0.00612 0.88429 -0.46681
1633434092 -344.02870 -211.12810 -2.58692 -0.00957 0.00737 0.88481 -0.46580
1633434092 -345.41416 -210.27355 -2.60167 -0.00872 0.00788 0.88533 -0.46482
1633434092 -346.79085 -209.42147 -2.62007 -0.00949 0.00809 0.88576 -0.46398
1633434093 -348.14589 -208.59086 -2.63763 -0.00942 0.00698 0.88606 -0.46343
1633434093 -349.49283 -207.75434 -2.65240 -0.00881 0.00584 0.88641 -0.46278
1633434093 -350.85300 -206.90765 -2.65993 -0.00896 0.00528 0.88681 -0.46203
1633434094 -352.19427 -206.07815 -2.66776 -0.00818 0.00466 0.88708 -0.46151
1633434094 -353.55125 -205.22552 -2.67242 -0.00859 0.00610 0.88737 -0.46093
1633434094 -354.88195 -204.39473 -2.68393 -0.01001 0.00714 0.88772 -0.46021
1633434094 -356.17780 -203.58259 -2.70061 -0.01000 0.00751 0.88796 -0.45975
1633434095 -357.48007 -202.76224 -2.71340 -0.01027 0.00801 0.88831 -0.45907
1633434095 -358.73151 -201.97466 -2.73393 -0.00990 0.00653 0.88861 -0.45851
1633434095 -359.97978 -201.17974 -2.74665 -0.00896 0.00591 0.88906 -0.45766
1633434096 -361.20698 -200.39671 -2.75348 -0.00843 0.00497 0.88980 -0.45624
1633434096 -362.39261 -199.63355 -2.75834 -0.00835 0.00446 0.89059 -0.45471
1633434096 -363.52143 -198.90001 -2.75758 -0.00799 0.00489 0.89147 -0.45298
1633434097 -364.56958 -198.21422 -2.75640 -0.00783 0.00388 0.89246 -0.45104
1633434097 -365.57906 -197.54138 -2.75552 -0.00756 0.00411 0.89393 -0.44813
1633434097 -366.56094 -196.87524 -2.75430 -0.00850 0.00498 0.89555 -0.44485
1633434097 -367.50571 -196.22075 -2.75314 -0.00806 0.00527 0.89724 -0.44145
1633434098 -368.44129 -195.55718 -2.75258 -0.00728 0.00447 0.89921 -0.43744
1633434098 -369.34977 -194.88945 -2.75273 -0.00747 0.00433 0.90124 -0.43323
1633434098 -370.23765 -194.22542 -2.74870 -0.00697 0.00387 0.90338 -0.42877
1633434099 -371.11498 -193.55004 -2.74700 -0.00745 0.00298 0.90580 -0.42364
1633434099 -371.97072 -192.87246 -2.73775 -0.00707 0.00303 0.90844 -0.41794
1633434099 -372.82280 -192.17161 -2.72645 -0.00719 0.00280 0.91131 -0.41165
1633434100 -373.98323 -191.17479 -2.71824 -0.00687 0.00284 0.91534 -0.40262
1633434100 -374.86686 -190.38490 -2.71204 -0.00727 0.00280 0.91850 -0.39534
1633434100 -375.80741 -189.53316 -2.70852 -0.00742 0.00373 0.92173 -0.38773
1633434101 -376.80319 -188.60757 -2.70360 -0.00803 0.00428 0.92513 -0.37954
1633434101 -377.83652 -187.62397 -2.70313 -0.00751 0.00462 0.92852 -0.37117
1633434101 -378.91474 -186.57591 -2.70184 -0.00802 0.00477 0.93196 -0.36245
1633434101 -379.71524 -185.80786 -2.70086 -0.00835 0.00477 0.93430 -0.35636
1633434102 -380.58163 -184.96614 -2.70626 -0.00805 0.00531 0.93663 -0.35019
1633434102 -381.40492 -184.12572 -2.70851 -0.00863 0.00531 0.93915 -0.34336
1633434102 -382.06563 -183.39022 -2.70995 -0.00826 0.00500 0.94148 -0.33692
1633434102 -382.69282 -182.66501 -2.71544 -0.00754 0.00511 0.94400 -0.32981
1633434102 -383.28523 -181.94861 -2.71879 -0.00789 0.00538 0.94651 -0.32253
1633434103 -383.86260 -181.22666 -2.71838 -0.00774 0.00623 0.94898 -0.31519
1633434103 -384.42876 -180.49785 -2.72217 -0.00707 0.00639 0.95147 -0.30761
1633434103 -384.97647 -179.76301 -2.72394 -0.00698 0.00676 0.95392 -0.29991
1633434103 -385.52118 -179.01083 -2.72644 -0.00686 0.00661 0.95639 -0.29194
1633434103 -386.05051 -178.25257 -2.72905 -0.00643 0.00652 0.95877 -0.28405
1633434104 -386.56543 -177.48348 -2.73230 -0.00562 0.00665 0.96110 -0.27608
1633434104 -387.07317 -176.70300 -2.73238 -0.00543 0.00626 0.96338 -0.26803
1633434104 -387.56084 -175.92018 -2.73259 -0.00511 0.00611 0.96563 -0.25978
1633434104 -388.02145 -175.14533 -2.73545 -0.00420 0.00645 0.96780 -0.25161
1633434104 -388.46584 -174.36808 -2.73798 -0.00414 0.00691 0.96992 -0.24328
1633434105 -388.89745 -173.58349 -2.73654 -0.00401 0.00701 0.97203 -0.23471
1633434105 -389.30980 -172.79875 -2.73498 -0.00331 0.00725 0.97400 -0.22640
1633434105 -389.70480 -172.01116 -2.73615 -0.00277 0.00761 0.97595 -0.21784
1633434105 -390.08289 -171.22535 -2.73850 -0.00256 0.00773 0.97776 -0.20955
1633434105 -390.43975 -170.44364 -2.73838 -0.00202 0.00814 0.97956 -0.20099
1633434106 -390.77333 -169.66964 -2.73726 -0.00126 0.00869 0.98129 -0.19236
1633434106 -391.09568 -168.88857 -2.73923 -0.00090 0.00879 0.98292 -0.18383
1633434106 -391.40480 -168.10661 -2.74054 -0.00078 0.00863 0.98446 -0.17538
1633434106 -391.69796 -167.32407 -2.74351 0.00009 0.00869 0.98592 -0.16699
1633434106 -391.97873 -166.53503 -2.74589 0.00079 0.00841 0.98739 -0.15807
1633434107 -392.24673 -165.74178 -2.74862 0.00104 0.00761 0.98880 -0.14904
1633434107 -392.49590 -164.95006 -2.75031 0.00129 0.00736 0.99013 -0.13993
1633434107 -392.72883 -164.16116 -2.75293 0.00220 0.00744 0.99140 -0.13066
1633434107 -392.94738 -163.36706 -2.75455 0.00273 0.00781 0.99256 -0.12147
1633434107 -393.14784 -162.58440 -2.75595 0.00274 0.00800 0.99365 -0.11216
1633434108 -393.33492 -161.79519 -2.75686 0.00286 0.00830 0.99467 -0.10274
1633434108 -393.50927 -161.00109 -2.75863 0.00358 0.00835 0.99560 -0.09322
1633434108 -393.66634 -160.20901 -2.76042 0.00409 0.00805 0.99643 -0.08389
1633434108 -393.80225 -159.42402 -2.75999 0.00441 0.00791 0.99718 -0.07456
1633434108 -393.92502 -158.63850 -2.75938 0.00458 0.00743 0.99784 -0.06509
1633434109 -394.03321 -157.84288 -2.76024 0.00552 0.00735 0.99840 -0.05587
1633434109 -394.12728 -157.05090 -2.76138 0.00591 0.00743 0.99887 -0.04667
1633434109 -394.20531 -156.25603 -2.76198 0.00591 0.00753 0.99925 -0.03747
1633434109 -394.27329 -155.45230 -2.76181 0.00621 0.00776 0.99955 -0.02838
1633434109 -394.32723 -154.65083 -2.76245 0.00676 0.00750 0.99976 -0.01961
1633434110 -394.36884 -153.84198 -2.76171 0.00674 0.00705 0.99989 -0.01104
1633434110 -394.39672 -153.02656 -2.76082 0.00649 0.00693 0.99995 -0.00261
1633434110 -394.41095 -152.22049 -2.76248 0.00682 0.00694 0.99994 0.00553
1633434110 -394.41299 -151.41136 -2.76204 0.00731 0.00710 0.99986 0.01342
1633434110 -394.40163 -150.60910 -2.76285 0.00738 0.00710 0.99972 0.02123
1633434111 -394.37695 -149.80036 -2.76370 0.00730 0.00731 0.99953 0.02895
1633434111 -394.34123 -148.99390 -2.76413 0.00743 0.00658 0.99929 0.03644
1633434111 -394.29453 -148.17957 -2.76461 0.00723 0.00592 0.99900 0.04376
1633434111 -394.23553 -147.36703 -2.76683 0.00677 0.00563 0.99867 0.05080
1633434111 -394.16219 -146.55811 -2.76816 0.00658 0.00567 0.99832 0.05729
1633434112 -394.04577 -145.34545 -2.76702 0.00670 0.00563 0.99766 0.06786
1633434112 -393.89877 -144.11863 -2.76669 0.00607 0.00564 0.99692 0.07797
1633434112 -393.77914 -143.30780 -2.76889 0.00555 0.00551 0.99637 0.08473
1633434112 -393.58784 -142.09810 -2.77062 0.00535 0.00534 0.99551 0.09438
1633434113 -393.43974 -141.27749 -2.77140 0.00525 0.00514 0.99485 0.10105
1633434113 -393.28811 -140.44816 -2.76942 0.00435 0.00495 0.99417 0.10760
1633434113 -393.12245 -139.61282 -2.77022 0.00475 0.00438 0.99343 0.11423
1633434113 -392.94737 -138.77967 -2.77121 0.00457 0.00411 0.99265 0.12084
1633434113 -392.76143 -137.94600 -2.77382 0.00400 0.00407 0.99185 0.12729
1633434114 -392.55857 -137.10559 -2.77503 0.00360 0.00427 0.99096 0.13403
1633434114 -392.34778 -136.26669 -2.77685 0.00390 0.00440 0.99009 0.14034
1633434114 -392.12435 -135.41862 -2.77823 0.00334 0.00420 0.98915 0.14684
1633434114 -391.88655 -134.56563 -2.78047 0.00285 0.00416 0.98815 0.15344
1633434114 -391.63719 -133.71375 -2.78218 0.00274 0.00385 0.98710 0.16004
1633434115 -391.37644 -132.86058 -2.78351 0.00235 0.00364 0.98601 0.16660
1633434115 -391.10297 -132.00151 -2.78567 0.00177 0.00399 0.98486 0.17329
1633434115 -390.81408 -131.14617 -2.78800 0.00182 0.00434 0.98365 0.18002
1633434115 -390.51770 -130.29053 -2.78917 0.00187 0.00487 0.98240 0.18673
1633434115 -390.20774 -129.43264 -2.79290 0.00145 0.00498 0.98112 0.19333
1633434116 -389.88722 -128.57836 -2.79748 0.00129 0.00475 0.97976 0.20011
1633434116 -389.55100 -127.71974 -2.80203 0.00137 0.00482 0.97833 0.20700
1633434116 -389.20245 -126.86530 -2.80671 0.00132 0.00529 0.97682 0.21400
1633434116 -388.83931 -126.01366 -2.81071 0.00085 0.00572 0.97523 0.22111
1633434116 -388.46457 -125.17161 -2.81415 0.00104 0.00597 0.97366 0.22792
1633434117 -388.07931 -124.33294 -2.81993 0.00092 0.00604 0.97202 0.23483
1633434117 -387.68656 -123.50711 -2.82629 0.00015 0.00574 0.97032 0.24177
1633434117 -387.28434 -122.68762 -2.83260 0.00024 0.00562 0.96865 0.24838
1633434117 -386.86997 -121.86353 -2.83785 -0.00004 0.00578 0.96695 0.25490
1633434117 -386.44574 -121.05451 -2.84069 -0.00067 0.00593 0.96522 0.26138
1633434118 -386.01396 -120.25999 -2.84619 -0.00047 0.00629 0.96347 0.26774
1633434118 -385.57652 -119.48113 -2.85289 -0.00084 0.00680 0.96173 0.27390
1633434118 -385.13066 -118.71030 -2.85745 -0.00138 0.00743 0.95994 0.28009
1633434118 -384.67407 -117.94192 -2.86194 -0.00106 0.00728 0.95829 0.28572
1633434118 -384.20870 -117.17789 -2.86669 -0.00146 0.00720 0.95671 0.29096
1633434119 -383.73574 -116.41503 -2.87016 -0.00241 0.00681 0.95508 0.29625
1633434119 -383.25839 -115.66784 -2.87447 -0.00297 0.00626 0.95349 0.30136
1633434119 -382.77644 -114.93046 -2.87934 -0.00316 0.00587 0.95206 0.30583
1633434119 -382.28935 -114.19533 -2.88135 -0.00409 0.00646 0.95047 0.31071
1633434119 -381.79584 -113.46981 -2.88450 -0.00469 0.00610 0.94893 0.31539
1633434120 -381.29404 -112.74972 -2.88623 -0.00478 0.00581 0.94751 0.31963
1633434120 -380.78898 -112.03309 -2.88959 -0.00562 0.00595 0.94604 0.32396
1633434120 -380.27123 -111.31131 -2.88980 -0.00614 0.00572 0.94459 0.32813
1633434120 -379.74475 -110.59013 -2.88927 -0.00613 0.00540 0.94323 0.33204
1633434120 -379.20854 -109.86517 -2.88932 -0.00700 0.00569 0.94179 0.33607
1633434121 -378.66310 -109.14156 -2.88860 -0.00755 0.00576 0.94035 0.34009
1633434121 -378.10744 -108.41902 -2.88793 -0.00802 0.00596 0.93900 0.34376
1633434121 -377.54208 -107.69582 -2.88915 -0.00913 0.00666 0.93769 0.34729
1633434121 -376.67968 -106.60186 -2.89085 -0.00964 0.00827 0.93559 0.35286
1633434122 -376.10363 -105.88998 -2.89250 -0.01013 0.00949 0.93434 0.35610
1633434122 -375.53047 -105.18775 -2.89539 -0.01045 0.00996 0.93309 0.35936
1633434122 -374.67185 -104.14831 -2.89779 -0.01020 0.00912 0.93135 0.36388
1633434122 -373.77884 -103.08992 -2.90391 -0.01090 0.00790 0.92961 0.36830
1633434123 -373.16585 -102.38227 -2.90661 -0.01041 0.00687 0.92852 0.37107
1633434123 -372.53658 -101.66075 -2.90872 -0.01076 0.00650 0.92760 0.37336
1633434123 -371.56469 -100.55666 -2.91115 -0.01105 0.00620 0.92620 0.37681
1633434123 -370.88609 -99.79802 -2.91231 -0.01109 0.00587 0.92551 0.37851
1633434123 -370.19048 -99.02625 -2.91275 -0.01150 0.00617 0.92469 0.38050
1633434124 -369.47962 -98.24222 -2.91266 -0.01063 0.00637 0.92392 0.38237
1633434124 -368.75471 -97.44658 -2.91202 -0.01074 0.00705 0.92324 0.38401
1633434124 -368.01686 -96.64029 -2.91330 -0.01073 0.00716 0.92258 0.38559
1633434124 -367.26430 -95.82477 -2.91285 -0.01010 0.00698 0.92205 0.38687
1633434124 -366.50702 -95.00435 -2.91363 -0.01083 0.00692 0.92153 0.38810
1633434125 -365.74723 -94.18131 -2.91505 -0.01023 0.00658 0.92102 0.38933
1633434125 -364.59192 -92.92980 -2.91765 -0.01098 0.00693 0.92028 0.39104
1633434125 -363.44013 -91.68847 -2.91790 -0.01042 0.00596 0.91971 0.39243
1633434126 -362.25428 -90.41642 -2.91895 -0.01022 0.00591 0.91914 0.39375
1633434126 -361.07112 -89.15442 -2.92017 -0.00979 0.00744 0.91873 0.39470
1633434126 -359.87266 -87.87241 -2.92349 -0.00900 0.00775 0.91851 0.39523
1633434126 -358.69707 -86.61055 -2.93008 -0.00967 0.00783 0.91852 0.39518
1633434127 -357.48496 -85.31339 -2.93674 -0.00918 0.00831 0.91881 0.39451
1633434127 -356.25547 -83.99630 -2.94317 -0.00800 0.00831 0.91914 0.39377
1633434127 -355.01744 -82.66177 -2.95261 -0.00820 0.00846 0.91955 0.39280
1633434128 -353.79499 -81.33798 -2.95905 -0.00815 0.00783 0.92010 0.39152
1633434128 -352.54740 -79.98285 -2.96578 -0.00759 0.00766 0.92065 0.39023
1633434128 -351.69347 -79.06498 -2.97005 -0.00805 0.00743 0.92109 0.38919
1633434128 -350.85674 -78.14781 -2.97618 -0.00758 0.00700 0.92148 0.38830
1633434129 -350.00890 -77.22005 -2.98009 -0.00763 0.00729 0.92190 0.38728
1633434129 -349.15202 -76.28016 -2.98509 -0.00776 0.00750 0.92217 0.38664
1633434129 -348.29716 -75.33871 -2.98984 -0.00740 0.00753 0.92250 0.38585
1633434129 -347.44815 -74.40110 -2.99758 -0.00794 0.00785 0.92262 0.38556
1633434129 -346.58686 -73.45130 -3.00200 -0.00724 0.00800 0.92273 0.38530
1633434130 -345.72783 -72.50066 -3.00751 -0.00829 0.00796 0.92262 0.38554
1633434130 -344.85898 -71.54360 -3.01181 -0.00804 0.00771 0.92242 0.38603
1633434130 -343.98519 -70.58720 -3.01634 -0.00858 0.00771 0.92217 0.38662
1633434130 -343.11277 -69.62893 -3.01962 -0.00829 0.00715 0.92178 0.38755
1633434130 -342.25370 -68.68924 -3.02287 -0.00840 0.00703 0.92143 0.38838
1633434131 -341.39697 -67.75258 -3.02633 -0.00857 0.00735 0.92093 0.38956
1633434131 -340.54202 -66.82441 -3.02883 -0.00850 0.00777 0.92054 0.39048
1633434131 -339.68728 -65.90044 -3.03415 -0.00893 0.00849 0.92004 0.39163
1633434131 -338.83503 -64.98224 -3.03791 -0.00844 0.00883 0.91961 0.39264
1633434131 -337.97357 -64.06477 -3.04422 -0.00942 0.00887 0.91908 0.39386
1633434132 -337.11260 -63.15349 -3.04982 -0.00869 0.00885 0.91858 0.39503
1633434132 -336.26384 -62.26029 -3.05613 -0.00927 0.00906 0.91808 0.39618
1633434132 -335.39738 -61.35207 -3.06181 -0.00865 0.00886 0.91760 0.39731
1633434132 -334.11679 -60.01674 -3.07083 -0.00938 0.00848 0.91692 0.39888
1633434132 -333.25608 -59.12593 -3.07589 -0.00895 0.00814 0.91649 0.39987
1633434133 -331.96659 -57.79469 -3.08276 -0.00950 0.00833 0.91594 0.40112
1633434133 -330.69655 -56.49113 -3.08918 -0.00950 0.00818 0.91558 0.40195
1633434133 -329.40354 -55.16911 -3.09631 -0.00898 0.00844 0.91534 0.40250
1633434134 -328.12860 -53.87062 -3.10379 -0.00966 0.00875 0.91524 0.40269
1633434134 -326.84415 -52.56372 -3.11179 -0.00950 0.00872 0.91528 0.40261
1633434134 -325.98247 -51.68789 -3.11580 -0.00937 0.00880 0.91535 0.40245
1633434134 -325.13011 -50.82151 -3.12008 -0.00939 0.00868 0.91554 0.40202
1633434135 -324.27411 -49.95065 -3.12301 -0.00990 0.00786 0.91562 0.40184
1633434135 -322.99695 -48.64576 -3.12851 -0.00991 0.00789 0.91578 0.40149
1633434135 -322.14063 -47.77408 -3.13129 -0.00968 0.00816 0.91583 0.40138
1633434135 -321.27481 -46.88915 -3.13284 -0.00972 0.00799 0.91600 0.40097
1633434135 -320.42518 -46.01745 -3.13747 -0.00980 0.00811 0.91610 0.40074
1633434136 -319.56576 -45.13908 -3.14079 -0.00910 0.00849 0.91626 0.40040
1633434136 -318.71295 -44.26214 -3.14632 -0.00949 0.00882 0.91640 0.40005
1633434136 -317.86655 -43.38903 -3.15084 -0.00863 0.00880 0.91664 0.39953
1633434136 -317.02079 -42.51397 -3.15815 -0.00912 0.00871 0.91686 0.39900
1633434136 -316.17228 -41.63981 -3.16245 -0.00848 0.00830 0.91710 0.39848
1633434137 -314.90924 -40.32511 -3.17114 -0.00899 0.00801 0.91739 0.39781
1633434137 -313.66647 -39.02715 -3.17893 -0.00808 0.00772 0.91772 0.39708
1633434137 -312.41613 -37.71648 -3.18637 -0.00715 0.00745 0.91799 0.39646
1633434138 -311.58845 -36.84694 -3.19296 -0.00739 0.00792 0.91817 0.39604
1633434138 -310.76623 -35.97789 -3.19935 -0.00686 0.00817 0.91834 0.39565
1633434138 -309.94476 -35.11341 -3.20550 -0.00722 0.00814 0.91862 0.39500
1633434138 -308.72747 -33.82388 -3.21518 -0.00732 0.00770 0.91890 0.39436
1633434138 -307.90736 -32.95488 -3.22104 -0.00820 0.00780 0.91909 0.39388
1633434139 -306.67944 -31.64831 -3.22806 -0.00784 0.00747 0.91930 0.39340
1633434139 -305.45696 -30.35172 -3.23596 -0.00825 0.00729 0.91946 0.39302
1633434139 -304.22235 -29.04274 -3.24251 -0.00867 0.00751 0.91953 0.39285
1633434140 -303.00856 -27.75498 -3.24850 -0.00829 0.00767 0.91950 0.39294
1633434140 -301.78116 -26.45624 -3.25769 -0.00816 0.00781 0.91945 0.39304
1633434140 -300.57053 -25.17322 -3.26525 -0.00801 0.00796 0.91937 0.39322
1633434141 -299.34642 -23.88083 -3.27417 -0.00777 0.00789 0.91928 0.39346
1633434141 -297.72616 -22.17171 -3.28826 -0.00722 0.00824 0.91889 0.39437
1633434141 -296.51284 -20.89566 -3.29986 -0.00728 0.00831 0.91858 0.39507
1633434142 -295.29237 -19.61524 -3.31154 -0.00709 0.00860 0.91816 0.39605
1633434142 -294.07613 -18.34382 -3.32367 -0.00724 0.00881 0.91768 0.39715
1633434142 -292.84135 -17.06157 -3.33788 -0.00835 0.00876 0.91726 0.39811
1633434142 -291.62169 -15.79942 -3.34833 -0.00865 0.00858 0.91696 0.39880
1633434143 -290.38454 -14.52371 -3.35810 -0.00899 0.00802 0.91670 0.39940
1633434143 -288.73612 -12.82666 -3.37005 -0.00947 0.00844 0.91650 0.39984
1633434143 -287.50954 -11.56603 -3.38354 -0.00902 0.00887 0.91668 0.39942
1633434144 -286.26965 -10.29288 -3.39441 -0.00839 0.00756 0.91703 0.39867
1633434144 -285.04007 -9.03003 -3.40473 -0.00785 0.00760 0.91736 0.39790
1633434144 -283.40274 -7.33957 -3.42176 -0.00679 0.00782 0.91782 0.39685
1633434145 -282.16512 -6.06335 -3.43523 -0.00596 0.00750 0.91815 0.39611
1633434145 -280.95222 -4.81088 -3.44540 -0.00506 0.00606 0.91852 0.39530
1633434145 -279.72986 -3.53569 -3.45293 -0.00578 0.00569 0.91881 0.39461
1633434146 -278.53016 -2.27854 -3.45815 -0.00641 0.00559 0.91916 0.39380
1633434146 -277.31753 -1.00463 -3.46620 -0.00542 0.00678 0.91927 0.39352
1633434146 -275.71159 0.68255 -3.48528 -0.00386 0.00864 0.91931 0.39343
1633434147 -274.09924 2.36790 -3.51001 -0.00435 0.00890 0.91971 0.39247
1633434147 -272.91330 3.62260 -3.52629 -0.00680 0.00824 0.92015 0.39143
1633434147 -271.72378 4.88409 -3.54251 -0.00676 0.00705 0.92069 0.39018
1633434148 -270.14634 6.56822 -3.55565 -0.00553 0.00563 0.92111 0.38923
1633434148 -268.96629 7.83405 -3.56757 -0.00465 0.00695 0.92132 0.38870
1633434148 -267.78380 9.10241 -3.57180 -0.00547 0.00572 0.92144 0.38844
1633434149 -266.61179 10.36022 -3.58606 -0.00543 0.00622 0.92156 0.38814
1633434149 -265.44465 11.61478 -3.59690 -0.00543 0.00636 0.92167 0.38789
1633434149 -264.29814 12.84996 -3.60884 -0.00593 0.00610 0.92174 0.38772
1633434150 -263.13593 14.10176 -3.61705 -0.00565 0.00615 0.92173 0.38774
1633434150 -261.98667 15.34244 -3.62570 -0.00588 0.00598 0.92174 0.38773
1633434150 -260.82866 16.59247 -3.63747 -0.00575 0.00657 0.92173 0.38773
1633434150 -259.68933 17.82054 -3.64718 -0.00562 0.00632 0.92170 0.38780
1633434151 -258.52850 19.06280 -3.66213 -0.00559 0.00643 0.92161 0.38803
1633434151 -257.35955 20.30350 -3.67048 -0.00558 0.00664 0.92155 0.38816
1633434151 -256.19800 21.54304 -3.68443 -0.00548 0.00604 0.92152 0.38826
1633434152 -255.05883 22.76175 -3.69658 -0.00559 0.00610 0.92138 0.38857
1633434152 -253.88679 24.00477 -3.70507 -0.00594 0.00597 0.92137 0.38860
1633434152 -252.74140 25.22630 -3.71439 -0.00584 0.00539 0.92141 0.38852
1633434153 -251.57213 26.46747 -3.72055 -0.00599 0.00507 0.92142 0.38849
1633434153 -250.42104 27.69633 -3.72945 -0.00597 0.00542 0.92160 0.38807
1633434153 -249.25007 28.94186 -3.74116 -0.00701 0.00152 0.92176 0.38769
1633434153 -248.09854 30.16590 -3.74018 -0.00702 0.00273 0.92183 0.38752
1633434154 -246.93364 31.40554 -3.73839 -0.00659 0.00375 0.92203 0.38705
1633434154 -245.78343 32.63089 -3.73936 -0.00599 0.00403 0.92225 0.38651
1633434154 -244.61852 33.87539 -3.74060 -0.00607 0.00382 0.92236 0.38627
1633434155 -243.07379 35.52595 -3.74197 -0.00667 0.00309 0.92258 0.38574
1633434155 -241.92329 36.76077 -3.74289 -0.00655 0.00366 0.92282 0.38515
1633434155 -240.76006 38.01658 -3.74253 -0.00630 0.00378 0.92292 0.38493
1633434156 -239.61385 39.25396 -3.74333 -0.00705 0.00338 0.92302 0.38467
1633434156 -238.43678 40.50683 -3.74618 -0.00658 0.00474 0.92309 0.38450
1633434156 -237.28092 41.74648 -3.75124 -0.00679 0.00518 0.92301 0.38468
1633434157 -236.11215 42.99880 -3.76109 -0.00724 0.00501 0.92301 0.38468
1633434157 -234.95615 44.24239 -3.75459 -0.00835 0.00214 0.92292 0.38489
1633434157 -233.78905 45.48345 -3.75600 -0.00775 0.00149 0.92289 0.38497
1633434157 -232.62803 46.71904 -3.74941 -0.00748 0.00256 0.92289 0.38498
1633434158 -231.85205 47.55035 -3.74694 -0.00705 0.00307 0.92293 0.38488
1633434158 -230.67916 48.80346 -3.74695 -0.00718 0.00372 0.92283 0.38512
1633434158 -229.51598 50.04215 -3.74594 -0.00601 0.00386 0.92271 0.38542
1633434159 -228.33738 51.29508 -3.75215 -0.00445 0.00372 0.92241 0.38617
1633434159 -227.17173 52.53263 -3.75582 -0.00404 0.00395 0.92201 0.38711
1633434159 -225.98937 53.77729 -3.76274 -0.00417 0.00447 0.92171 0.38784
1633434159 -224.81330 55.00907 -3.76929 -0.00455 0.00469 0.92146 0.38843
1633434160 -223.62913 56.24661 -3.77840 -0.00532 0.00452 0.92126 0.38889
1633434160 -222.45734 57.47375 -3.78597 -0.00558 0.00435 0.92110 0.38927
1633434160 -221.27506 58.72790 -3.79043 -0.00565 0.00410 0.92101 0.38947
1633434161 -220.09842 59.97381 -3.79588 -0.00582 0.00390 0.92094 0.38964
1633434161 -218.89956 61.24211 -3.80128 -0.00585 0.00413 0.92090 0.38973
1633434161 -217.31396 62.91478 -3.81057 -0.00601 0.00499 0.92100 0.38948
1633434162 -216.13438 64.17579 -3.81892 -0.00615 0.00556 0.92114 0.38915
1633434162 -214.94665 65.44956 -3.82879 -0.00666 0.00534 0.92134 0.38866
1633434162 -213.76831 66.72011 -3.83705 -0.00691 0.00521 0.92168 0.38786
1633434163 -212.59051 68.00029 -3.84197 -0.00750 0.00431 0.92195 0.38721
1633434163 -211.03138 69.69396 -3.84807 -0.00737 0.00378 0.92228 0.38644
1633434163 -209.48666 71.38764 -3.85156 -0.00712 0.00393 0.92267 0.38550
1633434164 -207.95522 73.08192 -3.85763 -0.00748 0.00447 0.92299 0.38473
1633434164 -206.44348 74.76388 -3.86361 -0.00763 0.00423 0.92324 0.38413
1633434165 -204.93982 76.43771 -3.86818 -0.00825 0.00319 0.92338 0.38378
1633434165 -203.44905 78.10510 -3.86892 -0.00837 0.00374 0.92368 0.38306
1633434165 -202.33515 79.35506 -3.86402 -0.00866 0.00343 0.92380 0.38277
1633434166 -201.22356 80.60411 -3.86317 -0.00877 0.00308 0.92388 0.38256
1633434166 -200.10400 81.85356 -3.85937 -0.00840 0.00337 0.92395 0.38240
1633434166 -198.64587 83.49284 -3.86009 -0.00824 0.00338 0.92388 0.38259
1633434167 -197.52562 84.74193 -3.85998 -0.00727 0.00404 0.92384 0.38269
1633434167 -196.03124 86.40195 -3.86510 -0.00664 0.00438 0.92375 0.38292
1633434167 -194.89019 87.66027 -3.87106 -0.00669 0.00412 0.92374 0.38293
1633434168 -193.75183 88.92336 -3.87231 -0.00683 0.00410 0.92376 0.38290
1633434168 -192.25116 90.60026 -3.87712 -0.00641 0.00351 0.92366 0.38315
1633434168 -191.11568 91.86403 -3.87738 -0.00624 0.00323 0.92353 0.38346
1633434169 -189.96484 93.14010 -3.87733 -0.00593 0.00320 0.92338 0.38384
1633434169 -188.81807 94.40844 -3.87756 -0.00621 0.00358 0.92321 0.38422
1633434169 -187.26566 96.11617 -3.88015 -0.00667 0.00379 0.92303 0.38465
1633434170 -186.09400 97.39593 -3.88523 -0.00689 0.00367 0.92292 0.38492
1633434170 -184.94114 98.65871 -3.88574 -0.00665 0.00334 0.92281 0.38518
1633434170 -183.79179 99.92108 -3.88480 -0.00627 0.00337 0.92274 0.38535
1633434170 -182.64312 101.17649 -3.88609 -0.00628 0.00303 0.92268 0.38551
1633434171 -181.48225 102.43697 -3.88752 -0.00608 0.00191 0.92266 0.38557
1633434171 -180.34724 103.67263 -3.88632 -0.00486 0.00232 0.92262 0.38568
1633434171 -179.22319 104.89531 -3.89269 -0.00327 0.00351 0.92272 0.38545
1633434172 -178.12091 106.10283 -3.90485 -0.00322 0.00233 0.92308 0.38459
1633434172 -177.02310 107.31775 -3.91605 -0.00314 0.00276 0.92343 0.38374
1633434172 -175.93249 108.52969 -3.92686 -0.00266 0.00260 0.92367 0.38318
1633434173 -174.83426 109.75434 -3.94117 -0.00133 0.00220 0.92397 0.38245
1633434173 -173.74504 110.97820 -3.94689 -0.00144 0.00263 0.92431 0.38164
1633434173 -172.64482 112.22432 -3.95615 -0.00257 0.00414 0.92452 0.38111
1633434173 -171.54525 113.47271 -3.96625 -0.00284 0.00512 0.92484 0.38031
1633434174 -170.44419 114.72811 -3.97702 -0.00352 0.00473 0.92522 0.37940
1633434174 -169.35002 115.98117 -3.98532 -0.00480 0.00404 0.92570 0.37821
1633434174 -168.24431 117.25417 -3.98955 -0.00618 0.00349 0.92627 0.37680
1633434175 -167.13466 118.53052 -3.99156 -0.00720 0.00342 0.92684 0.37538
1633434175 -166.01693 119.82276 -3.98973 -0.00743 0.00337 0.92742 0.37393
1633434175 -164.89342 121.12434 -3.99091 -0.00651 0.00417 0.92795 0.37263
1633434176 -163.77110 122.42738 -3.99480 -0.00613 0.00500 0.92820 0.37201
1633434176 -162.28869 124.15370 -4.00562 -0.00561 0.00461 0.92843 0.37144
1633434176 -161.18409 125.43949 -4.01225 -0.00567 0.00415 0.92842 0.37145
1633434177 -160.09904 126.70659 -4.01629 -0.00578 0.00357 0.92821 0.37201
1633434177 -159.02918 127.95475 -4.01967 -0.00574 0.00516 0.92784 0.37289
1633434177 -157.98007 129.17662 -4.02537 -0.00634 0.00417 0.92762 0.37345
1633434178 -156.27063 131.16606 -4.03336 -0.00762 0.00456 0.92692 0.37517
1633434178 -154.60777 133.08636 -4.03867 -0.00773 0.00471 0.92622 0.37688
1633434179 -152.66434 135.30469 -4.04584 -0.00787 0.00507 0.92520 0.37937
1633434179 -151.10132 137.07746 -4.05392 -0.00816 0.00499 0.92432 0.38151
1633434180 -149.26503 139.13207 -4.06673 -0.00818 0.00518 0.92303 0.38461
1633434180 -147.76500 140.77595 -4.08040 -0.00809 0.00604 0.92118 0.38899
1633434181 -146.90209 141.69972 -4.08887 -0.00813 0.00616 0.91994 0.39193
1633434181 -146.04235 142.61202 -4.09581 -0.00776 0.00502 0.91874 0.39474
1633434181 -144.54007 144.16335 -4.10782 -0.00770 0.00514 0.91598 0.40112
1633434182 -143.59466 145.13392 -4.11561 -0.00795 0.00534 0.91420 0.40515
1633434182 -142.24868 146.49659 -4.13310 -0.00767 0.00524 0.91187 0.41038
1633434183 -140.98288 147.74736 -4.14615 -0.00770 0.00610 0.90942 0.41576
1633434183 -139.72587 148.96387 -4.16252 -0.00696 0.00624 0.90672 0.42164
1633434183 -138.77424 149.86608 -4.17023 -0.00690 0.00622 0.90428 0.42683
1633434184 -137.81565 150.75048 -4.18200 -0.00661 0.00647 0.90161 0.43245
1633434184 -136.83397 151.62875 -4.18920 -0.00699 0.00696 0.89865 0.43856
1633434184 -135.79740 152.56558 -4.19932 -0.00666 0.00700 0.89564 0.44467
1633434184 -134.83595 153.38853 -4.21265 -0.00657 0.00717 0.89231 0.45132
1633434185 -133.84682 154.21671 -4.22432 -0.00625 0.00767 0.88876 0.45826
1633434185 -132.91353 154.97430 -4.23339 -0.00575 0.00724 0.88508 0.46535
1633434185 -132.04343 155.65420 -4.24426 -0.00575 0.00738 0.88113 0.47279
1633434186 -131.20722 156.27808 -4.25157 -0.00578 0.00717 0.87707 0.48027
1633434186 -130.39686 156.85081 -4.25748 -0.00545 0.00752 0.87306 0.48752
1633434186 -129.62340 157.36797 -4.26197 -0.00517 0.00730 0.86875 0.49518
1633434187 -128.88699 157.83794 -4.26438 -0.00500 0.00656 0.86421 0.50306
1633434187 -128.15047 158.28681 -4.26611 -0.00451 0.00624 0.85925 0.51150
1633434187 -127.45960 158.68192 -4.26761 -0.00428 0.00572 0.85480 0.51891
1633434187 -126.79502 159.04221 -4.26644 -0.00395 0.00536 0.85030 0.52626
1633434188 -126.11989 159.39905 -4.26413 -0.00316 0.00537 0.84584 0.53340
1633434188 -125.42463 159.76099 -4.26490 -0.00314 0.00459 0.84079 0.54133
1633434188 -124.71250 160.11020 -4.26337 -0.00320 0.00416 0.83486 0.55044
1633434189 -124.22412 160.33782 -4.26324 -0.00255 0.00375 0.83086 0.55647
1633434189 -123.72965 160.56740 -4.26256 -0.00206 0.00400 0.82650 0.56291
1633434189 -122.72662 160.98612 -4.26574 -0.00147 0.00320 0.81714 0.57643
1633434189 -122.21838 161.19180 -4.26847 -0.00124 0.00348 0.81202 0.58362
1633434190 -121.14780 161.58450 -4.27312 -0.00072 0.00341 0.80069 0.59907
1633434190 -120.07019 161.91853 -4.27570 -0.00043 0.00305 0.78812 0.61551
1633434190 -119.52731 162.06734 -4.27874 -0.00069 0.00275 0.78160 0.62378
1633434191 -118.44590 162.32455 -4.28460 -0.00053 0.00290 0.76827 0.64012
1633434191 -117.89936 162.43392 -4.28690 -0.00029 0.00251 0.76151 0.64815
1633434191 -116.81308 162.61073 -4.29468 -0.00049 0.00239 0.74634 0.66556
1633434192 -115.71517 162.73381 -4.30144 -0.00030 0.00285 0.72985 0.68360
1633434192 -115.15386 162.77737 -4.30570 -0.00055 0.00276 0.72119 0.69273
1633434192 -114.58384 162.81182 -4.30875 -0.00065 0.00336 0.71245 0.70171
1633434193 -113.44867 162.83046 -4.31944 -0.00082 0.00448 0.69398 0.71998
1633434193 -112.88019 162.82097 -4.32280 -0.00100 0.00486 0.68433 0.72916
1633434193 -111.76654 162.74252 -4.33040 -0.00114 0.00541 0.66449 0.74728
1633434193 -111.21352 162.68288 -4.33478 -0.00127 0.00597 0.65445 0.75608
1633434194 -110.66910 162.60853 -4.33941 -0.00157 0.00617 0.64439 0.76467
1633434194 -110.12622 162.51751 -4.34341 -0.00125 0.00643 0.63422 0.77313
1633434194 -109.06674 162.29396 -4.35413 -0.00143 0.00667 0.61307 0.79000
1633434194 -108.54087 162.16187 -4.35889 -0.00150 0.00666 0.60248 0.79810
1633434195 -108.01784 162.01508 -4.36312 -0.00157 0.00666 0.59152 0.80626
1633434195 -107.50158 161.85547 -4.36736 -0.00205 0.00682 0.58048 0.81424
1633434195 -106.72752 161.58386 -4.37481 -0.00250 0.00678 0.56297 0.82644
1633434195 -106.20386 161.38012 -4.37954 -0.00276 0.00665 0.55101 0.83447
1633434196 -105.17523 160.91562 -4.38619 -0.00280 0.00567 0.52630 0.85027
1633434196 -104.65720 160.65813 -4.38892 -0.00260 0.00561 0.51351 0.85806
1633434196 -103.88461 160.23065 -4.38991 -0.00315 0.00531 0.49374 0.86959
1633434196 -103.37216 159.92331 -4.39028 -0.00326 0.00540 0.48040 0.87703
1633434197 -102.85804 159.59249 -4.38977 -0.00305 0.00461 0.46679 0.88435
1633434197 -102.10167 159.05364 -4.39052 -0.00317 0.00342 0.44534 0.89535
1633434197 -101.59759 158.66628 -4.39072 -0.00275 0.00284 0.43083 0.90242
1633434197 -101.34288 158.46710 -4.39073 -0.00260 0.00291 0.42348 0.90590
1633434197 -100.83980 158.03919 -4.39033 -0.00206 0.00263 0.40824 0.91287
1633434198 -100.34914 157.58975 -4.38904 -0.00157 0.00195 0.39311 0.91949
1633434198 -100.10239 157.35797 -4.38850 -0.00122 0.00151 0.38557 0.92267
1633434198 -99.62037 156.87121 -4.38908 -0.00030 0.00086 0.37018 0.92896
1633434198 -99.14796 156.36379 -4.38914 -0.00000 0.00023 0.35517 0.93480
1633434198 -98.91225 156.10467 -4.38869 -0.00014 -0.00014 0.34792 0.93752
1633434198 -98.45454 155.56259 -4.38938 0.00017 -0.00101 0.33320 0.94286
1633434198 -98.22614 155.28712 -4.38994 0.00044 -0.00127 0.32598 0.94537
1633434199 -97.78995 154.71918 -4.39076 0.00062 -0.00204 0.31149 0.95025
1633434199 -97.57337 154.43162 -4.39109 0.00056 -0.00274 0.30446 0.95252
1633434199 -97.15681 153.83329 -4.39010 0.00067 -0.00350 0.28991 0.95705
1633434199 -96.75286 153.21765 -4.39050 0.00082 -0.00419 0.27529 0.96135
1633434199 -96.36168 152.57997 -4.39191 0.00109 -0.00559 0.26122 0.96526
1633434200 -95.98698 151.92868 -4.39226 0.00142 -0.00624 0.24702 0.96899
1633434200 -95.63023 151.26193 -4.39206 0.00181 -0.00666 0.23322 0.97240
1633434200 -95.28382 150.57873 -4.39301 0.00223 -0.00707 0.21981 0.97552
1633434200 -94.94772 149.87786 -4.39499 0.00277 -0.00766 0.20707 0.97829
1633434200 -94.63038 149.16721 -4.39617 0.00258 -0.00794 0.19435 0.98090
1633434201 -94.31965 148.43333 -4.39840 0.00230 -0.00723 0.18170 0.98332
1633434201 -94.03520 147.69963 -4.40096 0.00240 -0.00700 0.16952 0.98550
1633434201 -93.76824 146.95942 -4.40320 0.00193 -0.00694 0.15771 0.98746
1633434201 -93.51545 146.20658 -4.40290 0.00193 -0.00684 0.14648 0.98919
1633434201 -93.27738 145.44612 -4.40590 0.00165 -0.00600 0.13499 0.99083
1633434202 -93.05306 144.67359 -4.40717 0.00086 -0.00591 0.12401 0.99226
1633434202 -92.84701 143.89743 -4.40590 -0.00049 -0.00561 0.11317 0.99356
1633434202 -92.65397 143.10991 -4.40564 -0.00148 -0.00468 0.10265 0.99471
1633434202 -92.47729 142.31769 -4.40673 -0.00174 -0.00388 0.09200 0.99575
1633434202 -92.31168 141.51481 -4.40418 -0.00150 -0.00355 0.08234 0.99660
1633434203 -92.15808 140.70462 -4.40135 -0.00146 -0.00354 0.07311 0.99732
1633434203 -92.01553 139.88573 -4.39817 -0.00158 -0.00241 0.06389 0.99795
1633434203 -91.88803 139.06521 -4.39602 -0.00178 -0.00226 0.05593 0.99843
1633434203 -91.72737 137.82736 -4.38974 -0.00220 -0.00214 0.04521 0.99897
1633434204 -91.59065 136.59516 -4.38482 -0.00234 -0.00147 0.03495 0.99939
1633434204 -91.47493 135.35648 -4.37728 -0.00253 -0.00155 0.02573 0.99966
1633434204 -91.37553 134.11310 -4.37188 -0.00165 -0.00160 0.01790 0.99984
1633434204 -91.29574 132.86243 -4.36673 -0.00149 -0.00179 0.01105 0.99994
1633434205 -91.22653 131.61485 -4.36300 -0.00116 -0.00122 0.00509 0.99999
1633434205 -91.15608 129.94484 -4.35728 -0.00119 -0.00102 -0.00177 1.00000
1633434206 -91.10484 128.28229 -4.35283 -0.00053 -0.00099 -0.00693 0.99998
1633434206 -91.05369 126.61624 -4.35152 0.00045 -0.00121 -0.01047 0.99994
1633434206 -91.00653 124.97461 -4.34797 0.00022 -0.00116 -0.01257 0.99992
1633434207 -90.96006 122.92426 -4.34753 -0.00018 -0.00084 -0.01326 0.99991
1633434207 -90.91349 121.28720 -4.34435 -0.00066 -0.00052 -0.01202 0.99993
1633434208 -90.85811 119.65821 -4.34163 -0.00164 -0.00037 -0.00963 0.99995
1633434208 -90.80726 118.41809 -4.33466 -0.00213 0.00044 -0.00718 0.99997
1633434208 -90.74616 117.17011 -4.33031 -0.00235 0.00035 -0.00316 0.99999
1633434209 -90.67041 115.93212 -4.32020 -0.00241 0.00119 0.00222 0.99999
1633434209 -90.58027 114.68264 -4.31646 -0.00282 0.00139 0.00806 0.99996
1633434209 -90.47635 113.44756 -4.30679 -0.00196 0.00236 0.01431 0.99989
1633434209 -90.35231 112.21901 -4.29965 -0.00172 0.00265 0.02093 0.99978
1633434210 -90.21453 111.01582 -4.29503 -0.00071 0.00377 0.02738 0.99962
1633434210 -90.05776 109.83708 -4.29077 -0.00096 0.00433 0.03407 0.99941
1633434210 -89.88875 108.68075 -4.28731 -0.00133 0.00454 0.04115 0.99914
1633434211 -89.69990 107.52258 -4.28588 -0.00053 0.00522 0.04964 0.99875
1633434211 -89.56153 106.76269 -4.28472 -0.00081 0.00566 0.05651 0.99839
1633434211 -89.41261 106.00774 -4.28282 -0.00038 0.00607 0.06417 0.99792
1633434211 -89.24713 105.28246 -4.28270 -0.00042 0.00658 0.07255 0.99734
1633434211 -89.07271 104.57894 -4.28212 -0.00084 0.00683 0.08122 0.99667
1633434212 -88.88786 103.88330 -4.28372 -0.00133 0.00691 0.09030 0.99589
1633434212 -88.69093 103.19300 -4.28456 -0.00104 0.00718 0.09976 0.99499
1633434212 -88.48688 102.52316 -4.28647 -0.00136 0.00751 0.10879 0.99404
1633434212 -88.27996 101.89803 -4.28584 -0.00118 0.00767 0.11755 0.99304
1633434212 -88.07265 101.30150 -4.28540 -0.00141 0.00783 0.12647 0.99194
1633434213 -87.86024 100.72326 -4.28540 -0.00145 0.00744 0.13576 0.99071
1633434213 -87.64186 100.17931 -4.28762 -0.00180 0.00767 0.14476 0.98944
1633434213 -87.42218 99.65021 -4.28806 -0.00188 0.00785 0.15319 0.98816
1633434213 -87.19450 99.14138 -4.28864 -0.00251 0.00794 0.16261 0.98666
1633434213 -86.95949 98.64873 -4.28811 -0.00302 0.00773 0.17248 0.98498
1633434214 -86.71907 98.18014 -4.29075 -0.00293 0.00748 0.18203 0.98326
1633434214 -86.47020 97.70701 -4.29252 -0.00258 0.00806 0.19130 0.98150
1633434214 -86.21283 97.25020 -4.29367 -0.00225 0.00765 0.20126 0.97950
1633434214 -85.94783 96.80334 -4.29486 -0.00219 0.00793 0.21088 0.97748
1633434214 -85.67681 96.36736 -4.29418 -0.00228 0.00827 0.22034 0.97538
1633434215 -85.39749 95.93044 -4.29546 -0.00210 0.00800 0.23017 0.97312
1633434215 -85.11232 95.50302 -4.29750 -0.00207 0.00804 0.23961 0.97083
1633434215 -84.82190 95.09200 -4.29919 -0.00214 0.00800 0.24964 0.96830
1633434215 -84.52210 94.68008 -4.30090 -0.00182 0.00772 0.26009 0.96555
1633434215 -84.21847 94.29540 -4.30482 -0.00190 0.00813 0.27036 0.96272
1633434216 -83.90825 93.93061 -4.30724 -0.00162 0.00829 0.28209 0.95935
1633434216 -83.59051 93.58052 -4.31059 -0.00136 0.00833 0.29422 0.95570
1633434216 -83.26509 93.22513 -4.31485 -0.00110 0.00863 0.30549 0.95215
1633434216 -82.93472 92.88748 -4.32072 -0.00122 0.00913 0.31711 0.94834
1633434216 -82.61856 92.57677 -4.32529 -0.00083 0.00974 0.32679 0.94505
1633434217 -82.30945 92.28224 -4.33009 -0.00038 0.00973 0.33622 0.94173
1633434217 -82.00644 92.01029 -4.33500 -0.00053 0.00977 0.34526 0.93846
1633434217 -81.71350 91.75440 -4.34095 -0.00048 0.00989 0.35284 0.93563
1633434217 -81.29369 91.40822 -4.34964 0.00035 0.00989 0.36503 0.93094
1633434218 -81.01740 91.20399 -4.35579 0.00008 0.00984 0.37339 0.92762
1633434218 -80.73708 90.99830 -4.36145 0.00043 0.00993 0.38192 0.92414
1633434218 -80.45852 90.80376 -4.36735 0.00101 0.01026 0.39043 0.92058
1633434218 -80.17801 90.61454 -4.37357 0.00119 0.01077 0.39835 0.91717
1633434218 -79.75843 90.33922 -4.38086 0.00078 0.01065 0.41068 0.91172
1633434219 -79.47785 90.16589 -4.38603 0.00076 0.01112 0.41863 0.90809
1633434219 -79.07050 89.91904 -4.39548 0.00034 0.01191 0.42902 0.90321
1633434219 -78.66005 89.67360 -4.40483 0.00020 0.01150 0.43844 0.89869
1633434220 -78.26148 89.43904 -4.41404 0.00041 0.01063 0.44707 0.89444
1633434220 -77.85892 89.20454 -4.42341 0.00016 0.01080 0.45529 0.89028
1633434220 -77.47117 88.99021 -4.43360 -0.00017 0.01138 0.46283 0.88637
1633434221 -76.96927 88.71686 -4.44830 -0.00036 0.01099 0.47177 0.88166
1633434221 -76.48425 88.45889 -4.46263 -0.00077 0.01097 0.48019 0.87710
1633434221 -76.02065 88.22613 -4.47510 -0.00086 0.01071 0.48884 0.87231
1633434222 -75.56725 88.01411 -4.49037 -0.00091 0.01098 0.49727 0.86752
1633434222 -75.01160 87.75758 -4.50881 -0.00099 0.01145 0.50616 0.86236
1633434223 -74.47414 87.52212 -4.52243 -0.00125 0.01213 0.51436 0.85749
1633434223 -73.94427 87.30327 -4.53631 -0.00054 0.01201 0.52185 0.85295
1633434224 -73.33134 87.05248 -4.55206 0.00021 0.01207 0.52994 0.84795
1633434224 -72.70848 86.81344 -4.56607 0.00009 0.01194 0.53708 0.84344
1633434225 -72.08585 86.58173 -4.57655 -0.00078 0.01221 0.54408 0.83895
1633434226 -71.59630 86.40565 -4.58770 -0.00074 0.01179 0.54977 0.83523
1633434226 -71.09441 86.22691 -4.59504 -0.00173 0.01013 0.55537 0.83154
1633434227 -70.52376 86.03136 -4.60652 -0.00134 0.01116 0.56101 0.82773
1633434227 -69.91948 85.83493 -4.61511 -0.00145 0.01238 0.56694 0.82367
1633434228 -69.34498 85.65879 -4.62489 -0.00156 0.01331 0.57238 0.81988
1633434228 -68.75534 85.48880 -4.63390 -0.00129 0.01394 0.57821 0.81577
1633434229 -68.11381 85.31645 -4.64543 -0.00098 0.01542 0.58396 0.81163
1633434229 -67.49934 85.15916 -4.65702 -0.00123 0.01572 0.58835 0.80845
1633434230 -66.76337 84.96936 -4.66897 -0.00140 0.01547 0.59160 0.80608
1633434231 -65.86901 84.72863 -4.68747 -0.00095 0.01413 0.59133 0.80630
1633434231 -64.99836 84.48741 -4.70148 -0.00251 0.01241 0.58674 0.80968
1633434232 -64.30506 84.28805 -4.71693 -0.00335 0.01117 0.58117 0.81370
1633434232 -63.48966 84.06428 -4.72609 -0.00592 0.01043 0.57467 0.81830
1633434233 -62.77217 83.87050 -4.73583 -0.00760 0.01027 0.56802 0.82292
1633434233 -62.11411 83.68752 -4.74227 -0.00903 0.00967 0.56107 0.82766
1633434234 -61.49519 83.49871 -4.74749 -0.01045 0.01052 0.55278 0.83320
1633434234 -60.97650 83.30335 -4.74562 -0.00926 0.01041 0.54404 0.83894
1633434234 -60.46839 83.12839 -4.74722 -0.00846 0.01056 0.53638 0.84387
1633434235 -60.03483 82.95354 -4.74422 -0.00824 0.01066 0.52882 0.84863
1633434235 -59.65582 82.77568 -4.73886 -0.00767 0.01187 0.51946 0.85438
1633434235 -59.26456 82.58713 -4.73463 -0.00731 0.01195 0.50959 0.86031
1633434235 -58.99100 82.45249 -4.73148 -0.00711 0.01217 0.50310 0.86411
1633434236 -58.59311 82.23946 -4.72904 -0.00681 0.01304 0.49250 0.87019
1633434236 -58.32725 82.08521 -4.72529 -0.00707 0.01413 0.48323 0.87535
1633434236 -58.07411 81.92289 -4.72226 -0.00716 0.01385 0.47268 0.88110
1633434236 -57.83764 81.75294 -4.72037 -0.00735 0.01309 0.46003 0.88778
1633434237 -57.59363 81.56705 -4.71933 -0.00740 0.01246 0.44611 0.89486
1633434237 -57.45530 81.46530 -4.71782 -0.00741 0.01191 0.43902 0.89837
1633434237 -57.32697 81.36487 -4.71699 -0.00750 0.01147 0.43205 0.90175
1633434237 -57.08315 81.15569 -4.71486 -0.00802 0.01102 0.41754 0.90856
1633434237 -56.96561 81.05318 -4.71393 -0.00816 0.01100 0.41011 0.91193
1633434237 -56.76240 80.85241 -4.71199 -0.00831 0.01104 0.39517 0.91850
1633434237 -56.57343 80.64893 -4.70800 -0.00860 0.01065 0.37989 0.92493
1633434238 -56.47707 80.54830 -4.70575 -0.00879 0.01042 0.37223 0.92804
1633434238 -56.37612 80.44013 -4.70354 -0.00885 0.01036 0.36457 0.93108
1633434238 -56.27824 80.33338 -4.70117 -0.00859 0.01030 0.35737 0.93387
1633434238 -56.17801 80.22060 -4.69830 -0.00814 0.01027 0.34980 0.93673
1633434238 -56.08468 80.11191 -4.69584 -0.00787 0.01017 0.34231 0.93950
1633434238 -55.99178 79.99881 -4.69348 -0.00774 0.01028 0.33456 0.94229
1633434238 -55.90437 79.88883 -4.69090 -0.00768 0.01053 0.32713 0.94489
1633434238 -55.81690 79.77435 -4.68793 -0.00755 0.01059 0.31949 0.94750
1633434238 -55.73632 79.66363 -4.68455 -0.00739 0.01051 0.31179 0.95006
1633434238 -55.65846 79.54903 -4.68123 -0.00723 0.01033 0.30328 0.95282
1633434239 -55.52365 79.31313 -4.67595 -0.00695 0.00975 0.28516 0.95840
1633434239 -55.45663 79.19783 -4.67286 -0.00674 0.00914 0.27634 0.96099
1633434239 -55.39060 79.07771 -4.66991 -0.00645 0.00835 0.26730 0.96356
1633434239 -55.32809 78.95826 -4.66730 -0.00608 0.00741 0.25828 0.96602
1633434239 -55.26500 78.83317 -4.66440 -0.00579 0.00677 0.24898 0.96847
1633434239 -55.20501 78.70989 -4.66111 -0.00571 0.00642 0.23980 0.97079
1633434239 -55.14547 78.58136 -4.65759 -0.00574 0.00619 0.23023 0.97310
1633434239 -55.09124 78.45751 -4.65432 -0.00578 0.00580 0.22114 0.97521
1633434239 -55.03902 78.33082 -4.65086 -0.00581 0.00545 0.21206 0.97722
1633434240 -54.98983 78.20664 -4.64749 -0.00587 0.00529 0.20324 0.97910
1633434240 -54.94128 78.07873 -4.64386 -0.00604 0.00538 0.19393 0.98098
1633434240 -54.89698 77.95311 -4.64067 -0.00623 0.00544 0.18444 0.98281
1633434240 -54.85551 77.81985 -4.63767 -0.00647 0.00512 0.17438 0.98464
1633434240 -54.81904 77.69306 -4.63471 -0.00669 0.00447 0.16517 0.98623
1633434240 -54.78250 77.55861 -4.63131 -0.00682 0.00387 0.15563 0.98778
1633434240 -54.74837 77.42645 -4.62819 -0.00696 0.00358 0.14606 0.98924
1633434240 -54.71766 77.29040 -4.62528 -0.00696 0.00339 0.13582 0.99070
1633434240 -54.69098 77.15705 -4.62272 -0.00689 0.00303 0.12584 0.99202
1633434240 -54.66543 77.01630 -4.62019 -0.00684 0.00255 0.11575 0.99325
1633434241 -54.64343 76.87931 -4.61684 -0.00690 0.00231 0.10612 0.99433
1633434241 -54.63264 76.74528 -4.61399 -0.00711 0.00229 0.09634 0.99532
1633434241 -54.61355 76.61024 -4.60839 -0.00746 0.00232 0.08653 0.99622
1633434241 -54.58942 76.46145 -4.60654 -0.00791 0.00226 0.07654 0.99703
1633434241 -54.58618 76.32667 -4.60114 -0.00826 0.00208 0.06672 0.99774
1633434241 -54.56632 76.17839 -4.59959 -0.00866 0.00177 0.05683 0.99834
1633434241 -54.55765 76.03798 -4.59604 -0.00871 0.00138 0.04695 0.99886
1633434241 -54.55088 75.89363 -4.59158 -0.00851 0.00111 0.03668 0.99929
1633434241 -54.54688 75.75107 -4.58880 -0.00846 0.00109 0.02669 0.99961
1633434241 -54.54486 75.60202 -4.58682 -0.00829 0.00076 0.01652 0.99983
1633434242 -54.54629 75.45623 -4.58387 -0.00817 0.00050 0.00689 0.99994
1633434242 -54.55130 75.30632 -4.57980 -0.00833 0.00041 -0.00319 0.99996
1633434242 -54.55919 75.15846 -4.57511 -0.00882 0.00052 -0.01326 0.99987
1633434242 -54.57097 75.00587 -4.57023 -0.00945 0.00072 -0.02367 0.99967
1633434242 -54.58586 74.85456 -4.56609 -0.00992 0.00088 -0.03398 0.99937
1633434242 -54.60522 74.70087 -4.56235 -0.01016 0.00085 -0.04456 0.99895
1633434242 -54.62756 74.55282 -4.55953 -0.01034 0.00080 -0.05495 0.99844
1633434242 -54.65383 74.40095 -4.55623 -0.01041 0.00055 -0.06562 0.99779
1633434242 -54.68227 74.25305 -4.55276 -0.01060 0.00038 -0.07592 0.99706
1633434242 -54.71575 74.10019 -4.54966 -0.01099 0.00037 -0.08641 0.99620
1633434243 -54.74970 73.95379 -4.54585 -0.01130 0.00015 -0.09635 0.99528
1633434243 -54.78871 73.80164 -4.54099 -0.01164 0.00009 -0.10653 0.99424
1633434243 -54.82996 73.65268 -4.53637 -0.01194 0.00012 -0.11656 0.99311
1633434243 -54.87696 73.49956 -4.53225 -0.01208 0.00006 -0.12708 0.99182
1633434243 -54.92600 73.35331 -4.52893 -0.01213 0.00011 -0.13713 0.99048
1633434243 -54.97938 73.20721 -4.52632 -0.01210 0.00020 -0.14730 0.98902
1633434243 -55.03347 73.06622 -4.52329 -0.01204 0.00004 -0.15720 0.98749
1633434243 -55.09280 72.92191 -4.51871 -0.01205 -0.00025 -0.16730 0.98583
1633434243 -55.15387 72.78240 -4.51390 -0.01223 -0.00038 -0.17688 0.98416
1633434243 -55.22201 72.63612 -4.50907 -0.01246 -0.00057 -0.18695 0.98229
1633434244 -55.28877 72.49721 -4.50487 -0.01250 -0.00076 -0.19654 0.98042
1633434244 -55.36223 72.35354 -4.50107 -0.01232 -0.00091 -0.20644 0.97838
1633434244 -55.43530 72.21584 -4.49725 -0.01206 -0.00120 -0.21576 0.97637
1633434244 -55.51542 72.07276 -4.49287 -0.01167 -0.00137 -0.22554 0.97416
1633434244 -55.59367 71.93783 -4.48834 -0.01143 -0.00138 -0.23497 0.97193
1633434244 -55.67904 71.79920 -4.48318 -0.01136 -0.00140 -0.24473 0.96952
1633434244 -55.76347 71.66715 -4.47842 -0.01131 -0.00150 -0.25379 0.96719
1633434244 -55.85661 71.52818 -4.47399 -0.01113 -0.00178 -0.26310 0.96470
1633434244 -55.94910 71.39490 -4.46943 -0.01082 -0.00211 -0.27193 0.96225
1633434244 -56.04723 71.25951 -4.46469 -0.01059 -0.00232 -0.28096 0.95966
1633434245 -56.14534 71.13037 -4.46029 -0.01067 -0.00236 -0.28988 0.95700
1633434245 -56.24910 71.00150 -4.45529 -0.01095 -0.00242 -0.29929 0.95409
1633434245 -56.35110 70.88066 -4.45094 -0.01130 -0.00240 -0.30831 0.95122
1633434245 -56.45782 70.75745 -4.44759 -0.01135 -0.00247 -0.31732 0.94825
1633434245 -56.56394 70.63803 -4.44453 -0.01100 -0.00267 -0.32579 0.94538
1633434245 -56.67707 70.51453 -4.44163 -0.01060 -0.00299 -0.33431 0.94240
1633434245 -56.78419 70.40026 -4.43781 -0.01067 -0.00294 -0.34217 0.93957
1633434245 -56.90092 70.28248 -4.43252 -0.01101 -0.00270 -0.35047 0.93650
1633434245 -57.01428 70.17135 -4.42769 -0.01159 -0.00232 -0.35853 0.93344
1633434245 -57.13171 70.05898 -4.42300 -0.01218 -0.00220 -0.36674 0.93024
1633434246 -57.24707 69.95154 -4.41886 -0.01252 -0.00212 -0.37446 0.92716
1633434246 -57.37051 69.84189 -4.41520 -0.01261 -0.00202 -0.38235 0.92393
1633434246 -57.63230 69.63953 -4.40828 -0.01282 -0.00214 -0.39782 0.91737
1633434246 -57.75518 69.54169 -4.40424 -0.01293 -0.00231 -0.40541 0.91404
1633434246 -58.02272 69.35621 -4.39592 -0.01352 -0.00214 -0.42031 0.90728
1633434246 -58.29593 69.17849 -4.38666 -0.01403 -0.00176 -0.43512 0.90026
1633434247 -58.57599 69.00719 -4.37740 -0.01445 -0.00145 -0.44970 0.89306
1633434247 -58.86365 68.84434 -4.36765 -0.01451 -0.00178 -0.46385 0.88579
1633434247 -59.15628 68.68669 -4.35908 -0.01497 -0.00156 -0.47804 0.87821
1633434247 -59.45572 68.53474 -4.35029 -0.01548 -0.00169 -0.49123 0.87089
1633434247 -59.76728 68.38967 -4.34125 -0.01572 -0.00181 -0.50396 0.86358
1633434248 -60.07830 68.25142 -4.33148 -0.01478 -0.00192 -0.51653 0.85614
1633434248 -60.38922 68.12295 -4.32353 -0.01444 -0.00190 -0.52839 0.84887
1633434248 -60.70785 68.00160 -4.31389 -0.01440 -0.00205 -0.54035 0.84132
1633434248 -61.02690 67.89149 -4.30421 -0.01437 -0.00270 -0.55263 0.83330
1633434248 -61.34305 67.79879 -4.29409 -0.01462 -0.00327 -0.56420 0.82550
1633434249 -61.65545 67.72181 -4.28559 -0.01476 -0.00388 -0.57560 0.81759
1633434249 -61.97741 67.64271 -4.27653 -0.01411 -0.00435 -0.58622 0.81002
1633434249 -62.30012 67.57269 -4.26645 -0.01326 -0.00454 -0.59681 0.80226
1633434249 -62.61308 67.51978 -4.25781 -0.01277 -0.00493 -0.60675 0.79477
1633434249 -62.93400 67.47170 -4.25000 -0.01274 -0.00570 -0.61692 0.78690
1633434250 -63.26609 67.42065 -4.24185 -0.01274 -0.00633 -0.62685 0.77901
1633434250 -63.60475 67.37762 -4.23411 -0.01298 -0.00678 -0.63649 0.77115
1633434250 -63.94930 67.34021 -4.22801 -0.01216 -0.00646 -0.64607 0.76316
1633434250 -64.29665 67.30762 -4.22097 -0.01166 -0.00667 -0.65532 0.75523
1633434250 -64.64416 67.28688 -4.21423 -0.01133 -0.00683 -0.66429 0.74736
1633434251 -64.98449 67.27819 -4.20951 -0.01115 -0.00723 -0.67292 0.73960
1633434251 -65.32336 67.27546 -4.20474 -0.01084 -0.00784 -0.68130 0.73188
1633434251 -65.67108 67.27516 -4.20090 -0.01023 -0.00828 -0.68927 0.72439
1633434251 -66.02302 67.28212 -4.19657 -0.00968 -0.00866 -0.69667 0.71727
1633434251 -66.37344 67.29369 -4.19281 -0.00832 -0.00870 -0.70498 0.70912
1633434252 -66.70937 67.31277 -4.18936 -0.00761 -0.00990 -0.71164 0.70243
1633434252 -67.17321 67.34429 -4.18421 -0.00671 -0.01118 -0.71918 0.69470
1633434252 -67.58049 67.38085 -4.17937 -0.00691 -0.00972 -0.72517 0.68847
1633434252 -68.00424 67.43382 -4.17713 -0.00636 -0.00882 -0.73365 0.67944
1633434253 -68.27890 67.47650 -4.17635 -0.00572 -0.01006 -0.73925 0.67334
1633434253 -68.55245 67.52581 -4.17421 -0.00640 -0.01067 -0.74501 0.66693
1633434253 -68.83464 67.57625 -4.17129 -0.00624 -0.01079 -0.75113 0.66003
1633434253 -69.11741 67.63094 -4.17041 -0.00581 -0.01082 -0.75675 0.65359
1633434253 -69.39608 67.69515 -4.17097 -0.00518 -0.01051 -0.76252 0.64686
1633434254 -69.67940 67.75449 -4.17098 -0.00461 -0.01094 -0.76800 0.64034
1633434254 -70.12019 67.85696 -4.17209 -0.00389 -0.01139 -0.77555 0.63117
1633434254 -70.56188 67.97147 -4.17174 -0.00337 -0.01102 -0.78319 0.62168
1633434255 -70.97476 68.09352 -4.17490 -0.00215 -0.01102 -0.79031 0.61260
1633434255 -71.36206 68.21325 -4.17677 0.00002 -0.01088 -0.79713 0.60372
1633434255 -71.71440 68.33070 -4.17673 0.00095 -0.01065 -0.80249 0.59657
1633434255 -72.04047 68.44809 -4.17925 0.00123 -0.01079 -0.80726 0.59009
1633434256 -72.36983 68.57907 -4.18311 0.00008 -0.01094 -0.81263 0.58267
1633434256 -72.72161 68.72102 -4.18815 0.00032 -0.01112 -0.81848 0.57443
1633434256 -73.08043 68.88015 -4.19570 0.00224 -0.01010 -0.82475 0.56540
1633434257 -73.44785 69.05368 -4.20170 0.00314 -0.00957 -0.83060 0.55678
1633434257 -73.81841 69.23798 -4.20616 0.00367 -0.00918 -0.83657 0.54777
1633434257 -74.20437 69.43724 -4.21374 0.00459 -0.00927 -0.84247 0.53865
1633434258 -74.58570 69.64129 -4.21751 0.00602 -0.00868 -0.84802 0.52986
1633434258 -74.96990 69.85460 -4.22119 0.00716 -0.00826 -0.85342 0.52112
1633434258 -75.33151 70.06802 -4.22381 0.00694 -0.00861 -0.85839 0.51287
1633434258 -75.66730 70.27840 -4.22999 0.00612 -0.00856 -0.86308 0.50496
1633434259 -75.97982 70.47548 -4.23833 -0.00721 0.00876 0.86730 -0.49766
1633434259 -76.27804 70.67525 -4.24586 -0.00859 0.00817 0.87187 -0.48959
1633434259 -76.54582 70.86232 -4.25269 -0.00795 0.00803 0.87616 -0.48188
1633434260 -76.79936 71.05039 -4.25901 -0.00679 0.00851 0.88025 -0.47439
1633434260 -77.02978 71.22547 -4.26618 -0.00669 0.00839 0.88381 -0.46773
1633434260 -77.33190 71.45984 -4.27133 -0.00666 0.00748 0.88765 -0.46042
1633434261 -77.65811 71.71886 -4.27315 -0.00581 0.00686 0.89174 -0.45246
1633434261 -78.00592 72.00914 -4.27550 -0.00599 0.00698 0.89607 -0.44383
1633434262 -78.35510 72.31281 -4.27654 -0.00636 0.00771 0.90023 -0.43531
1633434262 -78.69047 72.61666 -4.28224 -0.00505 0.00716 0.90439 -0.42662
1633434262 -78.94982 72.85782 -4.28216 -0.00424 0.00575 0.90749 -0.42000
1633434263 -79.23344 73.12793 -4.28332 -0.00495 0.00526 0.91089 -0.41259
1633434263 -79.54047 73.43224 -4.28307 -0.00542 0.00537 0.91392 -0.40582
1633434263 -79.98018 73.85591 -4.28309 -0.00571 0.00638 0.91821 -0.39599
1633434264 -80.29688 74.19310 -4.28381 -0.00589 0.00627 0.92210 -0.38686
1633434264 -80.62093 74.55271 -4.28853 -0.00344 0.00519 0.92595 -0.37758
1633434264 -80.84104 74.81110 -4.29144 -0.00365 0.00514 0.92905 -0.36989
1633434264 -81.07081 75.08331 -4.29380 -0.00434 0.00635 0.93192 -0.36258
1633434265 -81.41543 75.50310 -4.29417 -0.00463 0.00562 0.93610 -0.35166
1633434265 -81.65512 75.81334 -4.29386 -0.00504 0.00549 0.93916 -0.34341
1633434265 -81.88221 76.12463 -4.29782 -0.00561 0.00606 0.94231 -0.33465
1633434265 -82.11095 76.44337 -4.30078 -0.00646 0.00609 0.94535 -0.32595
1633434265 -82.34275 76.78183 -4.30206 -0.00696 0.00600 0.94838 -0.31701
1633434266 -82.57119 77.12865 -4.30211 -0.00777 0.00641 0.95138 -0.30786
1633434266 -82.79218 77.46566 -4.30417 -0.00851 0.00709 0.95368 -0.30061
1633434266 -83.10162 77.95721 -4.30612 -0.00900 0.00683 0.95720 -0.28921
1633434266 -83.29269 78.28510 -4.30859 -0.00928 0.00627 0.95956 -0.28128
1633434266 -83.48514 78.64763 -4.30992 -0.00958 0.00606 0.96192 -0.27308
1633434267 -83.68260 78.97236 -4.31463 -0.01030 0.00618 0.96415 -0.26509
1633434267 -83.83729 79.28368 -4.31609 -0.01099 0.00572 0.96630 -0.25712
1633434267 -83.98931 79.60438 -4.31793 -0.01158 0.00542 0.96831 -0.24942
1633434267 -84.12859 79.89129 -4.32751 -0.01230 0.00515 0.97016 -0.24211
1633434268 -84.35875 80.36019 -4.32337 -0.01282 0.00501 0.97273 -0.23153
1633434268 -84.56930 80.82870 -4.32134 -0.01209 0.00462 0.97504 -0.22164
1633434268 -84.77616 81.29168 -4.31831 -0.01245 0.00514 0.97708 -0.21245
1633434268 -84.97659 81.73622 -4.31564 -0.01351 0.00494 0.97901 -0.20332
1633434269 -85.12335 82.13636 -4.30880 -0.01394 0.00394 0.98135 -0.19167
1633434269 -85.23190 82.41733 -4.30656 -0.01352 0.00324 0.98282 -0.18404
1633434269 -85.31658 82.71935 -4.31743 -0.01359 0.00351 0.98428 -0.17606
1633434269 -85.43480 82.98373 -4.31038 -0.01383 0.00357 0.98558 -0.16860
1633434270 -85.57160 83.40748 -4.30289 -0.01389 0.00332 0.98687 -0.16087
1633434270 -85.78257 84.02763 -4.29908 -0.01446 0.00278 0.98817 -0.15263
1633434270 -85.98374 84.64113 -4.29633 -0.01554 0.00371 0.98936 -0.14458
1633434271 -86.15016 85.23988 -4.28923 -0.01495 0.00043 0.99040 -0.13739
1633434271 -86.32282 85.71342 -4.28579 -0.01520 0.00091 0.99119 -0.13159
1633434272 -86.47682 86.34184 -4.28063 -0.01530 0.00180 0.99199 -0.12535
1633434272 -86.70399 87.15414 -4.26533 -0.01455 0.00134 0.99291 -0.11799
1633434273 -86.96757 88.16881 -4.26874 -0.01444 0.00254 0.99361 -0.11189
1633434273 -87.23144 89.23867 -4.26496 -0.01360 0.00357 0.99419 -0.10668
1633434274 -87.54770 90.69037 -4.26039 -0.01189 0.00419 0.99467 -0.10233
1633434275 -87.94950 92.33876 -4.26144 -0.01098 0.00681 0.99496 -0.09948
1633434276 -88.19206 93.35294 -4.25916 -0.00787 0.00673 0.99514 -0.09793
1633434276 -88.47376 94.71723 -4.25880 -0.00655 0.00951 0.99579 -0.09090
1633434277 -88.65523 95.66111 -4.26728 -0.00319 0.00907 0.99653 -0.08268
1633434278 -88.82527 96.60010 -4.27045 -0.00259 0.01066 0.99730 -0.07258
1633434278 -88.95763 97.36996 -4.28328 0.00104 0.00880 0.99783 -0.06519
1633434279 -89.11887 98.32668 -4.28901 0.00027 0.01119 0.99831 -0.05707
1633434279 -89.24305 99.12271 -4.30335 0.00249 0.00958 0.99872 -0.04966
1633434280 -89.36902 99.90705 -4.30933 0.00318 0.01118 0.99905 -0.04193
1633434280 -89.47749 100.93923 -4.31258 0.00508 0.01038 0.99937 -0.03367
1633434281 -89.57704 101.80526 -4.32973 0.00597 0.01146 0.99953 -0.02785
1633434281 -89.68597 103.06530 -4.33944 0.00671 0.01226 0.99969 -0.02068
1633434282 -89.75140 103.95031 -4.35881 0.00828 0.01195 0.99979 -0.01475
1633434283 -89.80353 104.90869 -4.36835 0.00934 0.01170 0.99984 -0.00957
1633434294 -89.71805 103.34651 -4.35347 0.00640 0.00967 0.99988 -0.00989
1633434294 -89.69543 102.70385 -4.32175 0.00517 0.01213 0.99976 -0.01732
1633434295 -89.68679 102.14378 -4.31508 0.00555 0.01273 0.99956 -0.02613
1633434295 -89.66957 101.57005 -4.28707 0.00449 0.01373 0.99929 -0.03485
1633434296 -89.65235 101.12871 -4.29072 0.00541 0.01312 0.99896 -0.04344
1633434296 -89.64077 100.66139 -4.27757 0.00388 0.01375 0.99851 -0.05259
1633434296 -89.61620 100.31539 -4.29723 0.00503 0.01284 0.99799 -0.06185
1633434297 -89.57219 99.85689 -4.27966 0.00520 0.01239 0.99740 -0.07076
1633434297 -89.51409 99.36482 -4.27906 0.00476 0.01218 0.99663 -0.08094
1633434298 -89.44436 98.79659 -4.24019 0.00353 0.01252 0.99577 -0.09101
1633434299 -89.31630 98.01584 -4.22552 0.00346 0.01210 0.99483 -0.10076
1633434300 -89.07890 96.98398 -4.19391 0.00277 0.01247 0.99403 -0.10840
1633434302 -88.66522 95.39917 -4.12984 0.00224 0.01262 0.99389 -0.10959
1633434303 -88.20228 93.99870 -4.13558 0.00057 0.01155 0.99404 -0.10841
1633434305 -87.84150 92.85996 -4.14389 -0.00202 0.01007 0.99449 -0.10428
1633434306 -87.49541 91.80016 -4.12682 -0.00572 0.00838 0.99492 -0.10012
1633434308 -86.94989 90.24975 -4.08333 -0.00776 0.00681 0.99435 -0.10566
1633434309 -86.82887 89.78278 -4.11462 -0.00732 0.00600 0.99331 -0.11506
1633434310 -86.79238 89.53789 -4.16460 -0.00792 0.00538 0.99205 -0.12548
1633434311 -86.67769 89.13247 -4.18025 -0.00806 0.00484 0.99069 -0.13579
1633434311 -86.53811 88.72099 -4.19073 -0.00832 0.00435 0.98927 -0.14580
1633434312 -86.24025 87.81442 -4.16713 -0.00827 0.00417 0.98799 -0.15425
1633434315 -85.43473 85.76419 -4.09772 -0.00863 0.00335 0.98848 -0.15108
1633434316 -85.05969 84.52046 -4.08884 -0.00873 0.00375 0.98933 -0.14536
1633434317 -84.72002 83.25110 -4.08050 -0.00909 0.00440 0.99015 -0.13965
1633434318 -84.33128 82.09678 -4.07512 -0.00892 0.00493 0.99089 -0.13429
1633434320 -83.90973 80.85922 -4.08312 -0.00760 0.00416 0.99153 -0.12956
1633434322 -83.23479 78.86069 -4.05298 -0.00499 0.00505 0.99163 -0.12888
1633434324 -82.49539 76.68000 -4.03959 -0.00404 0.00496 0.99154 -0.12964
1633434326 -81.92562 74.99419 -4.04517 -0.00397 0.00369 0.99089 -0.13458
1633434329 -81.25661 73.06697 -4.06163 -0.00491 0.00221 0.99097 -0.13394
1633434331 -80.76295 71.51020 -4.05413 -0.00525 0.00326 0.99139 -0.13078
1633434332 -80.41738 70.44517 -4.06470 -0.00735 0.00425 0.99199 -0.12601
1633434334 -80.03330 69.18043 -4.08074 -0.00717 0.00313 0.99258 -0.12136
1633434336 -79.50728 67.38076 -4.07463 -0.00842 0.00351 0.99250 -0.12194
1633434339 -79.05799 65.95394 -4.07668 -0.00859 0.00722 0.99212 -0.12479
1633434354 -79.04219 65.84638 -4.14841 0.00158 0.00046 0.99225 -0.12422
1633434356 -79.57868 67.48034 -4.14576 -0.00416 -0.00134 0.99156 -0.12955
1633434357 -80.22921 69.43529 -4.15740 -0.00593 0.00222 0.99106 -0.13323
1633434358 -80.92552 71.54172 -4.19558 -0.00449 0.00346 0.99104 -0.13348
1633434360 -81.84685 74.14190 -4.19498 -0.00279 0.00303 0.99140 -0.13079
1633434361 -82.41572 75.89019 -4.19381 -0.00133 0.00583 0.99145 -0.13033
1633434362 -83.12827 78.08725 -4.16613 -0.00252 0.00749 0.99151 -0.12979
1633434363 -83.88565 80.37737 -4.10329 -0.00460 0.00695 0.99227 -0.12385
1633434364 -84.29216 81.66154 -4.04209 -0.00653 0.00857 0.99289 -0.11854
1633434364 -84.68113 82.89505 -3.98558 -0.00648 0.00518 0.99365 -0.11218
1633434365 -84.83650 83.52052 -3.92884 -0.00754 0.00694 0.99480 -0.10129
1633434365 -85.00891 84.23632 -3.97978 -0.00648 0.00716 0.99552 -0.09403
1633434365 -85.03884 84.63332 -3.92866 -0.00506 0.00567 0.99622 -0.08657
1633434366 -85.09073 85.04352 -3.90889 -0.00504 0.00600 0.99691 -0.07819
1633434366 -85.08590 85.39699 -3.88731 -0.00539 0.00843 0.99766 -0.06762
1633434366 -85.14438 85.89580 -3.87597 -0.00424 0.01004 0.99838 -0.05582
1633434366 -85.15669 86.19331 -3.87210 -0.00289 0.01003 0.99880 -0.04783
1633434367 -85.14454 86.47207 -3.85853 -0.00227 0.00905 0.99919 -0.03917
1633434367 -85.12396 86.75733 -3.86196 -0.00292 0.00912 0.99952 -0.02952
1633434367 -85.11204 87.06934 -3.85605 -0.00382 0.01144 0.99975 -0.01899
1633434367 -85.08721 87.43661 -3.83770 -0.00418 0.01283 0.99987 -0.00841
1633434367 -85.08519 87.79559 -3.82240 -0.00416 0.01338 0.99990 0.00319
1633434368 -85.04882 88.16755 -3.82241 -0.00247 0.01451 0.99978 0.01510
1633434368 -85.00855 88.53150 -3.81878 -0.00017 0.01590 0.99949 0.02787
1633434368 -84.95719 88.92427 -3.80634 0.00192 0.01587 0.99903 0.04110
1633434368 -84.90130 89.34595 -3.79264 0.00328 0.01632 0.99838 0.05449
1633434368 -84.82857 89.77688 -3.78171 0.00399 0.01697 0.99753 0.06805
1633434369 -84.74867 90.20483 -3.77856 0.00355 0.01751 0.99643 0.08252
1633434369 -84.65276 90.65412 -3.77689 0.00151 0.01912 0.99484 0.09967
1633434369 -84.58745 90.87218 -3.78081 0.00101 0.01998 0.99382 0.10916
1633434369 -84.51565 91.07523 -3.77617 0.00073 0.02037 0.99277 0.11827
1633434369 -84.44220 91.28744 -3.77220 0.00118 0.02025 0.99161 0.12766
1633434369 -84.36813 91.48741 -3.76978 0.00179 0.01996 0.99047 0.13624
1633434369 -84.29046 91.69350 -3.76761 0.00256 0.01990 0.98926 0.14479
1633434369 -84.21204 91.89501 -3.76777 0.00277 0.02004 0.98796 0.15339
1633434370 -84.12595 92.10493 -3.76921 0.00228 0.02051 0.98643 0.16291
1633434370 -84.04051 92.29952 -3.77215 0.00135 0.02107 0.98474 0.17274
1633434370 -83.94818 92.49931 -3.77585 0.00119 0.02120 0.98296 0.18259
1633434370 -83.85849 92.68539 -3.77852 0.00145 0.02117 0.98124 0.19160
1633434370 -83.76533 92.87069 -3.78123 0.00168 0.02088 0.97942 0.20076
1633434370 -83.67187 93.04500 -3.78454 0.00170 0.02039 0.97750 0.20996
1633434370 -83.57198 93.22714 -3.78659 0.00220 0.02032 0.97531 0.21990
1633434370 -83.47050 93.40278 -3.78840 0.00317 0.02055 0.97312 0.22937
1633434370 -83.36431 93.57790 -3.79211 0.00399 0.02066 0.97088 0.23866
1633434370 -83.26167 93.74156 -3.79588 0.00470 0.02069 0.96858 0.24780
1633434371 -83.15820 93.90469 -3.79799 0.00506 0.02080 0.96605 0.25746
1633434371 -83.05424 94.05932 -3.80045 0.00506 0.02037 0.96348 0.26694
1633434371 -82.94483 94.21384 -3.80470 0.00501 0.01970 0.96081 0.27645
1633434371 -82.83693 94.35691 -3.80888 0.00483 0.01903 0.95818 0.28548
1633434371 -82.72503 94.50295 -3.81234 0.00447 0.01857 0.95531 0.29497
1633434371 -82.61679 94.63865 -3.81396 0.00417 0.01871 0.95248 0.30401
1633434371 -82.50109 94.77975 -3.81587 0.00398 0.01901 0.94951 0.31312
1633434371 -82.38616 94.91327 -3.81772 0.00397 0.01907 0.94655 0.32197
1633434371 -82.26550 95.04919 -3.81839 0.00386 0.01924 0.94330 0.33137
1633434371 -82.14954 95.17242 -3.81745 0.00372 0.01943 0.94009 0.34036
1633434372 -81.92697 95.41762 -3.81439 0.00379 0.01971 0.93341 0.35824
1633434372 -81.80199 95.53590 -3.81155 0.00386 0.01948 0.92999 0.36704
1633434372 -81.57326 95.75973 -3.80815 0.00351 0.01919 0.92291 0.38453
1633434372 -81.33992 95.98173 -3.81148 0.00325 0.01947 0.91549 0.40186
1633434372 -81.21681 96.08216 -3.81198 0.00292 0.01970 0.91172 0.41033
1633434372 -81.09031 96.18176 -3.81221 0.00241 0.01993 0.90775 0.41903
1633434372 -80.96387 96.27870 -3.81046 0.00230 0.02009 0.90377 0.42754
1633434373 -80.83262 96.37717 -3.80762 0.00244 0.02030 0.89969 0.43606
1633434373 -80.70596 96.46895 -3.80494 0.00249 0.02050 0.89566 0.44425
1633434373 -80.57437 96.56142 -3.80267 0.00242 0.02071 0.89134 0.45285
1633434373 -80.44332 96.64918 -3.80102 0.00235 0.02053 0.88699 0.46133
1633434373 -80.17951 96.82250 -3.80113 0.00158 0.01983 0.87786 0.47850
1633434373 -79.89964 96.98875 -3.80566 0.00201 0.01900 0.86839 0.49552
1633434373 -79.60654 97.14909 -3.81045 0.00205 0.01893 0.85846 0.51252
1633434374 -79.43942 97.22946 -3.81267 0.00188 0.01906 0.85325 0.52115
1633434374 -79.11851 97.38868 -3.81482 0.00235 0.01944 0.84277 0.53792
1633434374 -78.95908 97.45878 -3.81315 0.00236 0.01977 0.83755 0.54599
1633434374 -78.80088 97.52691 -3.81072 0.00231 0.02006 0.83213 0.55422
1633434374 -78.50443 97.64294 -3.80640 0.00204 0.02008 0.82101 0.57056
1633434374 -78.20818 97.73468 -3.80217 0.00135 0.02020 0.80961 0.58662
1633434374 -78.05312 97.77276 -3.80127 0.00079 0.02032 0.80407 0.59419
1633434375 -77.75037 97.84500 -3.80160 0.00076 0.01975 0.79221 0.60993
1633434375 -77.42754 97.90296 -3.80032 -0.00004 0.01869 0.78022 0.62523
1633434375 -77.08356 97.94733 -3.80013 -0.00094 0.01830 0.76750 0.64079
1633434375 -76.89647 97.96735 -3.80004 -0.00082 0.01852 0.76079 0.64873
1633434375 -76.53087 97.99924 -3.80036 -0.00075 0.01848 0.74750 0.66400
1633434376 -76.16317 98.01063 -3.79856 -0.00085 0.01771 0.73430 0.67859
1633434376 -75.97300 98.00938 -3.79774 -0.00100 0.01721 0.72774 0.68563
1633434376 -75.77826 98.00617 -3.79701 -0.00114 0.01710 0.72093 0.69280
1633434376 -75.58655 97.99948 -3.79582 -0.00132 0.01724 0.71401 0.69992
1633434376 -75.22676 97.97226 -3.79462 -0.00187 0.01784 0.69950 0.71440
1633434376 -75.04142 97.95050 -3.79343 -0.00196 0.01803 0.69222 0.72145
1633434376 -74.69931 97.90018 -3.78791 -0.00208 0.01789 0.67775 0.73507
1633434377 -74.36839 97.83812 -3.77925 -0.00244 0.01723 0.66308 0.74834
1633434377 -74.19267 97.80024 -3.77560 -0.00268 0.01710 0.65542 0.75507
1633434377 -74.01711 97.75866 -3.77233 -0.00267 0.01712 0.64754 0.76183
1633434377 -73.67821 97.66426 -3.76618 -0.00251 0.01716 0.63151 0.77517
1633434377 -73.49748 97.60953 -3.76236 -0.00259 0.01696 0.62374 0.78144
1633434377 -73.13924 97.48484 -3.75535 -0.00309 0.01630 0.60779 0.79393
1633434377 -72.95368 97.41802 -3.75160 -0.00346 0.01604 0.59970 0.80006
1633434377 -72.75964 97.34385 -3.74799 -0.00386 0.01601 0.59154 0.80611
1633434378 -72.57194 97.26763 -3.74463 -0.00426 0.01614 0.58323 0.81214
1633434378 -72.38560 97.18648 -3.74145 -0.00446 0.01609 0.57492 0.81804
1633434378 -72.01299 96.99896 -3.73527 -0.00448 0.01558 0.55829 0.82949
1633434378 -71.81664 96.89653 -3.73199 -0.00459 0.01523 0.54998 0.83503
1633434378 -71.47194 96.69580 -3.72239 -0.00500 0.01453 0.53310 0.84591
1633434378 -71.30217 96.59320 -3.71608 -0.00515 0.01442 0.52481 0.85108
1633434378 -71.13825 96.49060 -3.71003 -0.00524 0.01442 0.51638 0.85622
1633434378 -70.97959 96.38726 -3.70426 -0.00540 0.01447 0.50795 0.86125
1633434379 -70.67885 96.17067 -3.69391 -0.00579 0.01450 0.49093 0.87106
1633434379 -70.52598 96.05714 -3.68825 -0.00601 0.01450 0.48244 0.87579
1633434379 -70.25447 95.83165 -3.67525 -0.00644 0.01400 0.46514 0.88511
1633434379 -70.11432 95.71921 -3.66865 -0.00647 0.01386 0.45656 0.88956
1633434379 -69.84928 95.48061 -3.65649 -0.00655 0.01392 0.43913 0.89829
1633434379 -69.57910 95.21705 -3.64439 -0.00661 0.01370 0.42163 0.90664
1633434380 -69.43302 95.07556 -3.63814 -0.00670 0.01369 0.41300 0.91061
1633434380 -69.28764 94.92977 -3.63204 -0.00679 0.01366 0.40429 0.91450
1633434380 -69.14464 94.78036 -3.62571 -0.00685 0.01370 0.39559 0.91830
1633434380 -69.00680 94.62963 -3.61911 -0.00683 0.01356 0.38691 0.92199
1633434380 -68.87693 94.48107 -3.61222 -0.00671 0.01336 0.37831 0.92556
1633434380 -68.75280 94.33239 -3.60523 -0.00672 0.01315 0.36967 0.92905
1633434380 -68.54107 94.04563 -3.59058 -0.00687 0.01278 0.35219 0.93582
1633434380 -68.43507 93.90699 -3.58271 -0.00689 0.01262 0.34354 0.93903
1633434380 -68.33383 93.77120 -3.57529 -0.00701 0.01244 0.33514 0.94206
1633434381 -68.23517 93.63380 -3.56810 -0.00705 0.01229 0.32669 0.94503
1633434381 -68.13913 93.49800 -3.56105 -0.00711 0.01219 0.31828 0.94789
1633434381 -68.04450 93.35899 -3.55444 -0.00728 0.01206 0.30990 0.95066
1633434381 -67.95086 93.21560 -3.54764 -0.00741 0.01192 0.30152 0.95336
1633434381 -67.85914 93.07066 -3.54067 -0.00745 0.01168 0.29328 0.95593
1633434381 -67.76903 92.92401 -3.53378 -0.00749 0.01144 0.28522 0.95836
1633434381 -67.68046 92.77504 -3.52645 -0.00749 0.01138 0.27739 0.96066
1633434381 -67.59559 92.62832 -3.51904 -0.00736 0.01130 0.26979 0.96282
1633434381 -67.51145 92.47850 -3.51190 -0.00731 0.01125 0.26235 0.96488
1633434381 -67.43280 92.33193 -3.50484 -0.00723 0.01117 0.25528 0.96677
1633434382 -67.30171 92.04815 -3.48959 -0.00735 0.01088 0.24152 0.97031
1633434382 -67.18137 91.77411 -3.47362 -0.00768 0.01088 0.22854 0.97344
1633434382 -67.07070 91.51395 -3.45836 -0.00759 0.01084 0.21643 0.97621
1633434382 -66.96902 91.26177 -3.44161 -0.00757 0.01060 0.20541 0.97859
1633434382 -66.87249 91.01280 -3.42477 -0.00794 0.01039 0.19554 0.98061
1633434383 -66.77935 90.76329 -3.40903 -0.00827 0.01026 0.18659 0.98235
1633434383 -66.69222 90.51087 -3.39248 -0.00834 0.01026 0.17789 0.98396
1633434383 -66.60877 90.24972 -3.37513 -0.00860 0.00988 0.17053 0.98527
1633434383 -66.48964 89.84194 -3.34988 -0.00865 0.00979 0.15999 0.98703
1633434384 -66.37327 89.46164 -3.32314 -0.00885 0.00976 0.15125 0.98841
1633434384 -66.25876 89.06510 -3.29593 -0.00917 0.00968 0.14359 0.98955
1633434384 -66.11108 88.49982 -3.25821 -0.00952 0.00908 0.13585 0.99064
1633434385 -65.91149 87.81430 -3.21104 -0.00998 0.00896 0.13100 0.99129
1633434386 -65.51008 86.53274 -3.12528 -0.01063 0.00874 0.13486 0.99077
1633434386 -65.28871 85.90293 -3.08712 -0.01082 0.00900 0.14179 0.98980
1633434387 -65.04545 85.29170 -3.04919 -0.01057 0.00999 0.14842 0.98882
1633434387 -64.62144 84.04862 -2.96540 -0.00993 0.00996 0.14059 0.98997
1633434388 -64.48849 83.60237 -2.93488 -0.00981 0.01006 0.13153 0.99121
1633434388 -64.34710 83.14079 -2.90685 -0.01083 0.00930 0.12133 0.99251
1633434388 -64.22282 82.67576 -2.87892 -0.01037 0.00871 0.11361 0.99343
1633434389 -63.92955 81.66583 -2.81758 -0.01049 0.00904 0.11128 0.99369
1633434389 -63.59212 80.63271 -2.75154 -0.01028 0.00883 0.11692 0.99305
1633434390 -63.16361 79.33631 -2.67168 -0.00983 0.01035 0.11205 0.99360
1633434390 -62.97670 78.74018 -2.63673 -0.01067 0.00939 0.10275 0.99461
1633434391 -62.85221 78.31554 -2.61351 -0.01018 0.00929 0.09535 0.99535
1633434391 -62.76903 77.90384 -2.58972 -0.01017 0.00935 0.08669 0.99614
1633434391 -62.68581 77.47848 -2.56509 -0.01083 0.00857 0.07960 0.99673
1633434391 -62.54368 76.77243 -2.52769 -0.01020 0.00866 0.07123 0.99737
1633434392 -62.38946 76.00318 -2.48784 -0.01009 0.00874 0.06286 0.99793
1633434392 -62.23861 75.20125 -2.44809 -0.01010 0.00832 0.05426 0.99844
1633434392 -62.08768 74.35216 -2.40609 -0.00973 0.00776 0.04577 0.99887
1633434393 -61.95492 73.47146 -2.36367 -0.01032 0.00792 0.03734 0.99922
1633434393 -61.77921 72.20515 -2.30356 -0.00991 0.00803 0.02796 0.99953
1633434393 -61.55791 70.51717 -2.22858 -0.01014 0.00829 0.02121 0.99969
1633434394 -61.33788 68.76211 -2.14663 -0.01072 0.00742 0.01892 0.99974
1633434395 -61.04176 66.58406 -2.04561 -0.01208 0.00517 0.02448 0.99961
1633434395 -60.85893 65.45880 -1.99528 -0.01122 0.00469 0.03384 0.99935
1633434395 -60.65647 64.33217 -1.94611 -0.01069 0.00559 0.04594 0.99887
1633434395 -60.51071 63.58014 -1.91770 -0.00982 0.00560 0.05582 0.99838
1633434396 -60.35061 62.82094 -1.88987 -0.00836 0.00581 0.06622 0.99775
1633434396 -60.17619 62.07562 -1.86180 -0.00755 0.00555 0.07781 0.99692
1633434396 -59.97404 61.31466 -1.83465 -0.00697 0.00547 0.09024 0.99588
1633434396 -59.75625 60.56007 -1.80845 -0.00625 0.00599 0.10356 0.99459
1633434396 -59.51661 59.81521 -1.78273 -0.00584 0.00647 0.11730 0.99306
1633434397 -59.25851 59.07713 -1.75738 -0.00484 0.00622 0.13105 0.99134
1633434397 -58.97540 58.34488 -1.73374 -0.00342 0.00647 0.14469 0.98945
1633434397 -58.68300 57.64135 -1.70889 -0.00237 0.00556 0.15858 0.98733
1633434397 -58.37193 56.96327 -1.68465 -0.00190 0.00566 0.17240 0.98501
1633434397 -58.05160 56.31131 -1.66329 -0.00101 0.00590 0.18584 0.98256
1633434398 -57.72056 55.68705 -1.64245 -0.00015 0.00595 0.19943 0.97989
1633434398 -57.38230 55.08356 -1.62504 0.00095 0.00543 0.21332 0.97697
1633434398 -57.03478 54.49421 -1.60812 0.00190 0.00447 0.22680 0.97393
1633434398 -56.67794 53.93115 -1.59019 0.00281 0.00291 0.24100 0.97052
1633434398 -56.32284 53.41576 -1.57604 0.00370 0.00289 0.25590 0.96669
1633434399 -55.98690 52.94443 -1.55842 0.00422 0.00336 0.26875 0.96320
1633434399 -55.66392 52.51199 -1.53996 0.00395 0.00339 0.27826 0.96049
1633434399 -55.35673 52.12216 -1.52561 0.00371 0.00160 0.28781 0.95768
1633434399 -55.05296 51.75192 -1.51218 0.00412 -0.00041 0.29588 0.95522
1633434399 -54.60567 51.21168 -1.49282 0.00456 -0.00230 0.30768 0.95148
1633434400 -54.15493 50.69926 -1.47402 0.00378 -0.00146 0.31921 0.94767
1633434400 -53.71186 50.23016 -1.45831 0.00297 -0.00062 0.33017 0.94392
1633434400 -53.26473 49.78036 -1.44326 0.00124 -0.00271 0.34021 0.94035
1633434401 -52.93827 49.47869 -1.43282 0.00021 -0.00500 0.34716 0.93779
1633434401 -52.59132 49.18332 -1.42105 0.00133 -0.00565 0.35436 0.93509
1633434401 -52.04890 48.73837 -1.40324 0.00073 -0.00532 0.36494 0.93102
1633434401 -51.44688 48.28422 -1.38620 -0.00049 -0.00558 0.37593 0.92663
1633434402 -51.02737 48.03221 -1.37328 -0.00022 -0.00529 0.38311 0.92369
1633434402 -50.30021 47.45741 -1.35365 -0.00057 -0.00534 0.39374 0.91920
1633434402 -49.49465 46.83767 -1.33007 -0.00053 -0.00552 0.40384 0.91481
1633434402 -48.63532 46.19042 -1.30939 0.00025 -0.00585 0.41314 0.91065
1633434403 -47.72756 45.52591 -1.28247 0.00069 -0.00694 0.42150 0.90680
1633434403 -46.46150 44.62640 -1.25637 0.00192 -0.00764 0.43167 0.90200
1633434404 -45.14301 43.72043 -1.22986 0.00338 -0.00642 0.44033 0.89781
1633434404 -43.82516 42.84561 -1.20205 0.00307 -0.00620 0.44737 0.89432
1633434404 -42.51452 42.00275 -1.17794 0.00248 -0.00629 0.45345 0.89125
1633434405 -40.56450 40.78166 -1.13414 0.00118 -0.00631 0.45942 0.88819
1633434405 -38.88926 39.73995 -1.10284 -0.00023 -0.00774 0.46103 0.88735
1633434406 -36.68757 38.35241 -1.06406 0.00052 -0.00621 0.45947 0.88817
1633434407 -34.67364 37.06474 -1.02182 -0.00058 -0.00647 0.45459 0.89068
1633434407 -33.38109 36.26267 -1.00228 -0.00276 -0.00698 0.44934 0.89333
1633434407 -31.67324 35.12208 -0.96074 -0.00250 -0.00732 0.44288 0.89655
1633434408 -29.96790 33.96176 -0.91773 -0.00037 -0.00834 0.43669 0.89957
1633434408 -28.64404 33.06828 -0.87408 -0.00226 -0.00823 0.43196 0.90185
1633434408 -27.37567 32.17219 -0.84101 -0.00194 -0.00729 0.42657 0.90442
1633434409 -26.14054 31.27571 -0.80247 -0.00215 -0.00683 0.42109 0.90699
1633434409 -24.95334 30.37171 -0.77343 -0.00032 -0.00850 0.41541 0.90960
1633434409 -23.81257 29.47501 -0.74146 -0.00023 -0.00903 0.40889 0.91254
1633434409 -22.71239 28.57640 -0.71757 0.00116 -0.01040 0.40305 0.91512
1633434410 -21.29557 27.39032 -0.68195 0.00227 -0.00839 0.39484 0.91871
1633434410 -19.93643 26.21639 -0.65688 0.00327 -0.00767 0.38735 0.92190
1633434411 -18.98288 25.37623 -0.63775 0.00347 -0.00742 0.38161 0.92429
1633434411 -17.82138 24.31633 -0.61467 0.00359 -0.00755 0.37533 0.92685
1633434411 -16.75296 23.31406 -0.59738 0.00350 -0.00828 0.36934 0.92925
1633434412 -15.60373 22.15818 -0.57204 0.00278 -0.00920 0.36190 0.93217
1633434412 -14.55622 21.05433 -0.55052 0.00296 -0.00911 0.35507 0.93479
1633434413 -13.55828 19.97616 -0.52632 0.00285 -0.00894 0.34729 0.93771
1633434413 -12.77089 19.11892 -0.51176 0.00266 -0.00964 0.34049 0.94020
1633434414 -11.81716 18.06092 -0.48181 0.00231 -0.00943 0.33178 0.94331
1633434414 -10.90361 17.01131 -0.45128 0.00212 -0.01008 0.32234 0.94657
1633434415 -10.20727 16.17888 -0.41685 0.00154 -0.01013 0.31453 0.94919
1633434415 -9.51896 15.33902 -0.38218 0.00162 -0.00963 0.30643 0.95184
1633434415 -8.78930 14.44875 -0.35049 0.00189 -0.00977 0.29722 0.95476
1633434416 -8.24719 13.77433 -0.33487 0.00171 -0.00937 0.28964 0.95709
1633434416 -7.70550 13.08451 -0.32149 0.00155 -0.00868 0.28194 0.95939
1633434416 -7.23150 12.42893 -0.30538 0.00181 -0.00821 0.27430 0.96161
1633434417 -6.75893 11.75293 -0.28871 0.00078 -0.00879 0.26655 0.96378
1633434417 -6.31096 11.07573 -0.27404 0.00117 -0.00774 0.25800 0.96611
1633434417 -5.88119 10.39101 -0.26138 -0.00003 -0.00751 0.24936 0.96838
1633434418 -5.45566 9.68679 -0.24897 -0.00015 -0.00729 0.24051 0.97062
1633434418 -5.06900 9.00640 -0.23512 -0.00094 -0.00748 0.23270 0.97252
1633434418 -4.69541 8.33039 -0.22247 -0.00107 -0.00670 0.22652 0.97398
1633434419 -4.19824 7.40795 -0.20262 -0.00136 -0.00549 0.21996 0.97549
1633434419 -3.71841 6.48724 -0.18479 -0.00125 -0.00473 0.21449 0.97671
1633434419 -3.24490 5.55906 -0.16829 -0.00143 -0.00300 0.21007 0.97768
1633434420 -2.77786 4.62454 -0.15399 -0.00126 -0.00172 0.20618 0.97851
1633434420 -2.32400 3.68700 -0.14016 -0.00104 -0.00070 0.20200 0.97938
1633434421 -1.89824 2.76830 -0.12771 -0.00090 0.00094 0.19602 0.98060
1633434421 -1.59937 2.07691 -0.12061 -0.00092 0.00196 0.18967 0.98185
1633434421 -1.29078 1.34941 -0.11422 -0.00081 0.00316 0.18084 0.98351
1633434421 -1.08883 0.85250 -0.10963 -0.00071 0.00386 0.17355 0.98482
1633434422 -0.89056 0.33812 -0.10696 -0.00072 0.00438 0.16483 0.98631
1633434422 -0.70489 -0.18081 -0.10315 -0.00062 0.00476 0.15496 0.98791
1633434422 -0.52984 -0.71046 -0.09783 -0.00045 0.00495 0.14387 0.98958
1633434422 -0.36407 -1.26146 -0.09371 -0.00055 0.00506 0.13179 0.99126
1633434422 -0.20322 -1.83292 -0.08888 -0.00061 0.00517 0.11880 0.99290
1633434423 -0.06236 -2.41239 -0.08501 -0.00035 0.00547 0.10532 0.99442
1633434423 0.06780 -3.01520 -0.08294 -0.00024 0.00532 0.09168 0.99577
1633434423 0.18673 -3.61812 -0.07911 -0.00022 0.00553 0.07800 0.99694
1633434423 0.29325 -4.25603 -0.07920 0.00014 0.00586 0.06415 0.99792
1633434423 0.36241 -4.84183 -0.07816 0.00130 0.00615 0.04872 0.99879
1633434424 0.40489 -5.37055 -0.07104 0.00167 0.00454 0.03616 0.99933
1633434424 0.43336 -5.86014 -0.06525 0.00101 0.00309 0.02691 0.99963
1633434424 0.44611 -6.32766 -0.06291 0.00019 0.00267 0.01749 0.99984
1633434424 0.44613 -6.77164 -0.05677 -0.00006 0.00235 0.01047 0.99994
1633434424 0.45401 -7.43037 -0.05121 -0.00012 0.00229 0.00214 1.00000
1633434425 0.44564 -8.04176 -0.04319 -0.00019 0.00176 -0.00623 0.99998
1633434425 0.42133 -8.60984 -0.03543 -0.00015 0.00072 -0.01236 0.99992
1633434425 0.39115 -9.30749 -0.02477 0.00020 0.00018 -0.01834 0.99983
1633434426 0.34875 -10.09862 -0.01348 0.00023 -0.00028 -0.02395 0.99971
1633434427 0.30528 -10.98131 0.00150 0.00030 -0.00180 -0.02843 0.99959
1633434427 0.24892 -11.81194 0.01492 0.00161 -0.00367 -0.03191 0.99948
1633434428 0.19764 -12.00422 0.03516 0.00014 -0.00365 -0.03111 0.99951
