1633433987 0.57128 -1.42970 0.05226 -0.00285 -0.03950 -0.10708 0.99346
1633433988 0.58659 -1.64358 0.07146 -0.00089 -0.04262 -0.11484 0.99247
1633433988 0.61157 -1.74349 0.06977 0.00214 -0.03756 -0.12235 0.99177
1633433989 0.62893 -1.89495 0.07017 0.00546 -0.02129 -0.13016 0.99125
1633433989 0.66014 -2.00734 0.07383 0.00510 -0.01961 -0.13825 0.99019
1633433989 0.67274 -2.14714 0.07845 0.00474 -0.01880 -0.14588 0.98911
1633433990 0.68158 -2.27923 0.08626 0.00433 -0.01714 -0.15362 0.98797
1633433990 0.68843 -2.45904 0.08980 0.00379 -0.01623 -0.16131 0.98676
1633433991 0.68194 -2.64295 0.09255 0.00304 -0.01629 -0.16866 0.98553
1633433991 0.66964 -2.85862 0.10326 0.00318 -0.01700 -0.17666 0.98412
1633433992 0.67447 -3.06783 0.11603 0.00299 -0.01761 -0.18308 0.98294
1633433992 0.74089 -3.21611 0.14020 0.00287 -0.01710 -0.18843 0.98193
1633433994 0.84474 -3.37735 0.17789 0.00238 -0.01924 -0.19259 0.98109
1633433995 0.83508 -3.90526 0.23722 0.00266 -0.02102 -0.19434 0.98071
1633433996 0.58432 -4.79006 0.30484 0.00440 -0.02341 -0.19331 0.98085
1633433997 0.36810 -5.21006 0.35269 0.00759 -0.02596 -0.19237 0.98095
1633433997 0.26219 -5.37379 0.37955 0.00574 -0.02586 -0.19268 0.98090
1633434010 -4.84856 -15.89089 0.40334 0.00265 -0.02788 -0.18776 0.98181
1633434011 -3.79740 -15.28289 0.34855 0.00349 -0.01662 -0.19976 0.97970
1633434012 -3.17810 -13.94812 0.05267 -0.00031 -0.01792 -0.20792 0.97798
1633434012 -2.57098 -12.34687 0.03888 -0.00123 -0.01982 -0.21547 0.97631
1633434012 -1.80230 -10.46943 0.06039 -0.00145 -0.01735 -0.22271 0.97473
1633434013 -1.55281 -9.89364 0.08846 0.00055 -0.01794 -0.22991 0.97305
1633434013 -1.76436 -10.40722 0.10576 0.00041 -0.01874 -0.23846 0.97097
1633434013 -2.20106 -11.32564 0.07798 -0.00046 -0.01813 -0.24787 0.96862
1633434014 -2.28593 -11.49991 0.12290 0.00181 -0.01841 -0.25540 0.96666
1633434014 -2.52355 -11.81802 0.07022 0.00279 -0.01844 -0.26110 0.96513
1633434014 -2.73787 -12.25634 0.07437 0.00325 -0.01897 -0.27112 0.96235
1633434014 -3.05357 -12.82380 0.02962 0.00240 -0.01921 -0.28035 0.95970
1633434015 -3.35176 -13.32634 0.03064 0.00327 -0.01902 -0.28883 0.95718
1633434015 -3.65286 -13.85808 0.00158 0.00284 -0.01880 -0.29682 0.95474
1633434015 -4.00121 -14.43706 -0.02635 0.00228 -0.01974 -0.30428 0.95238
1633434016 -4.35160 -14.99406 -0.03294 0.00011 -0.01925 -0.31191 0.94992
1633434016 -4.75433 -15.61137 -0.04509 -0.00037 -0.01835 -0.31927 0.94749
1633434016 -5.19769 -16.26620 -0.06272 -0.00264 -0.01754 -0.32627 0.94511
1633434016 -5.70768 -16.95514 -0.08004 -0.00332 -0.01794 -0.33182 0.94317
1633434017 -6.16518 -17.54119 -0.06842 -0.00292 -0.01921 -0.33711 0.94126
1633434017 -6.58775 -18.04801 -0.04447 -0.00393 -0.02262 -0.34173 0.93952
1633434017 -6.94394 -18.45941 -0.02007 -0.00341 -0.02268 -0.34625 0.93786
1633434018 -7.28419 -18.87215 0.00741 -0.00277 -0.02490 -0.34980 0.93649
1633434018 -7.70075 -19.37411 0.03654 -0.00055 -0.02521 -0.35314 0.93523
1633434018 -8.22903 -20.02643 0.03812 0.00138 -0.02816 -0.35636 0.93393
1633434019 -8.81202 -20.76095 0.01334 0.00213 -0.02717 -0.35919 0.93287
1633434019 -9.29512 -21.36032 -0.00073 0.00020 -0.02728 -0.36155 0.93195
1633434019 -9.79292 -21.98659 -0.01998 -0.00024 -0.02631 -0.36403 0.93102
1633434019 -10.19598 -22.49681 -0.03588 -0.00309 -0.02683 -0.36666 0.92996
1633434020 -10.63247 -23.02283 -0.04483 -0.00572 -0.02582 -0.37013 0.92861
1633434020 -11.10077 -23.57686 -0.04744 -0.00557 -0.02696 -0.37343 0.92725
1633434020 -11.58384 -24.13899 -0.04480 -0.00449 -0.02598 -0.37751 0.92563
1633434021 -12.09509 -24.71588 -0.04689 -0.00336 -0.02511 -0.38220 0.92373
1633434021 -12.69992 -25.38952 -0.05037 -0.00112 -0.02278 -0.38760 0.92155
1633434021 -13.20526 -25.90811 -0.04430 0.00048 -0.02169 -0.39354 0.91905
1633434022 -13.81344 -26.51897 -0.04135 -0.00028 -0.01845 -0.40031 0.91619
1633434022 -14.30070 -27.01133 -0.03693 -0.00122 -0.01728 -0.40473 0.91427
1633434022 -14.78708 -27.48983 -0.03077 -0.00060 -0.01585 -0.40948 0.91218
1633434022 -15.42540 -28.12796 -0.02854 -0.00011 -0.01439 -0.41429 0.91003
1633434022 -16.05156 -28.72009 -0.03324 0.00033 -0.01325 -0.41888 0.90795
1633434023 -16.73879 -29.37637 -0.03748 0.00067 -0.01179 -0.42340 0.90587
1633434023 -17.43960 -30.03400 -0.03932 0.00290 -0.01066 -0.42760 0.90390
1633434023 -18.43721 -30.92224 -0.04949 0.00698 -0.00908 -0.43317 0.90124
1633434023 -19.40915 -31.75360 -0.06547 0.00916 -0.00777 -0.43837 0.89871
1633434024 -20.32930 -32.50758 -0.08604 0.01028 -0.00702 -0.44279 0.89654
1633434024 -21.33910 -33.33978 -0.11202 0.01126 -0.00589 -0.44662 0.89463
1633434024 -22.32908 -34.14594 -0.14131 0.01304 -0.00451 -0.45008 0.89288
1633434025 -23.34573 -34.96804 -0.17186 0.01319 -0.00279 -0.45355 0.89113
1633434025 -24.35344 -35.77131 -0.20150 0.01337 -0.00161 -0.45702 0.88936
1633434025 -25.33987 -36.55061 -0.22982 0.01397 -0.00127 -0.46049 0.88755
1633434025 -26.27862 -37.28389 -0.25396 0.01319 0.00026 -0.46395 0.88577
1633434026 -27.24381 -38.02745 -0.28096 0.01384 0.00068 -0.46749 0.88389
1633434026 -28.18191 -38.72008 -0.29911 0.01562 -0.00021 -0.47135 0.88181
1633434026 -29.23249 -39.50755 -0.32509 0.01505 -0.00009 -0.47565 0.87951
1633434027 -30.25152 -40.24195 -0.34921 0.01499 -0.00030 -0.47983 0.87723
1633434027 -31.29699 -40.99056 -0.37494 0.01699 -0.00160 -0.48408 0.87486
1633434027 -32.31494 -41.71082 -0.40094 0.01690 -0.00094 -0.48828 0.87253
1633434028 -33.38925 -42.45884 -0.42670 0.01622 -0.00045 -0.49187 0.87052
1633434028 -34.38186 -43.14976 -0.44046 0.01604 0.00014 -0.49492 0.86879
1633434028 -35.31121 -43.77923 -0.45108 0.01763 -0.00041 -0.49697 0.86759
1633434028 -36.42196 -44.54272 -0.48185 0.01834 -0.00044 -0.49859 0.86664
1633434029 -37.49242 -45.26900 -0.52853 0.01840 -0.00096 -0.49974 0.86598
1633434029 -38.48837 -45.95268 -0.54574 0.01806 -0.00067 -0.50025 0.86569
1633434029 -39.60379 -46.71497 -0.59217 0.01917 -0.00325 -0.49971 0.86598
1633434030 -40.72162 -47.48703 -0.64327 0.01965 -0.00444 -0.49916 0.86628
1633434030 -41.84007 -48.27840 -0.68122 0.01930 -0.00451 -0.49833 0.86676
1633434030 -43.00880 -49.09972 -0.72281 0.01848 -0.00515 -0.49730 0.86737
1633434031 -44.38669 -50.06091 -0.77616 0.01764 -0.00640 -0.49607 0.86808
1633434031 -45.83641 -51.07659 -0.83732 0.01652 -0.00733 -0.49461 0.86893
1633434031 -47.36763 -52.15122 -0.89318 0.01641 -0.00791 -0.49305 0.86981
1633434031 -48.95406 -53.26650 -0.95274 0.01602 -0.00897 -0.49161 0.87062
1633434032 -50.63983 -54.44374 -1.01526 0.01514 -0.01040 -0.49028 0.87137
1633434032 -52.31459 -55.61563 -1.07865 0.01539 -0.01188 -0.48881 0.87218
1633434032 -54.07266 -56.83658 -1.14774 0.01659 -0.01277 -0.48743 0.87291
1633434033 -55.77432 -58.02653 -1.21441 0.01672 -0.01305 -0.48604 0.87368
1633434033 -57.52239 -59.24481 -1.28370 0.01663 -0.01390 -0.48446 0.87454
1633434033 -59.20980 -60.42908 -1.34888 0.01707 -0.01462 -0.48316 0.87524
1633434034 -60.87645 -61.60740 -1.41307 0.01719 -0.01495 -0.48197 0.87589
1633434034 -62.53502 -62.77992 -1.47591 0.01694 -0.01531 -0.48088 0.87649
1633434034 -64.22907 -63.97373 -1.54098 0.01683 -0.01580 -0.48010 0.87691
1633434034 -65.88858 -65.14696 -1.60263 0.01642 -0.01613 -0.47950 0.87724
1633434035 -67.56035 -66.34112 -1.66022 0.01602 -0.01646 -0.47907 0.87748
1633434035 -69.20863 -67.51452 -1.71557 0.01530 -0.01640 -0.47891 0.87758
1633434035 -70.85246 -68.68077 -1.77063 0.01482 -0.01640 -0.47876 0.87767
1633434036 -72.49895 -69.85392 -1.82185 0.01415 -0.01638 -0.47870 0.87771
1633434036 -74.15009 -71.02955 -1.87265 0.01421 -0.01658 -0.47882 0.87764
1633434036 -75.79468 -72.19759 -1.92174 0.01423 -0.01642 -0.47913 0.87748
1633434037 -77.45850 -73.37565 -1.97268 0.01465 -0.01627 -0.47945 0.87730
1633434037 -79.10363 -74.53740 -2.02270 0.01512 -0.01605 -0.47974 0.87713
1633434037 -80.77902 -75.71019 -2.07620 0.01545 -0.01590 -0.48018 0.87689
1633434037 -82.45149 -76.87420 -2.13041 0.01549 -0.01561 -0.48043 0.87675
1633434038 -84.70918 -78.43036 -2.20700 0.01594 -0.01530 -0.48063 0.87665
1633434038 -86.44079 -79.61955 -2.26349 0.01498 -0.01479 -0.48068 0.87664
1633434038 -88.17863 -80.81286 -2.31572 0.01378 -0.01436 -0.48076 0.87663
1633434039 -89.96680 -82.03680 -2.36732 0.01318 -0.01446 -0.48095 0.87653
1633434039 -91.74201 -83.24985 -2.41611 0.01293 -0.01458 -0.48116 0.87642
1633434039 -94.16926 -84.88715 -2.48818 0.01295 -0.01513 -0.48145 0.87625
1633434040 -96.63411 -86.54498 -2.55928 0.01299 -0.01508 -0.48177 0.87607
1633434040 -99.11663 -88.20684 -2.63198 0.01315 -0.01492 -0.48173 0.87610
1633434041 -101.59947 -89.86349 -2.70103 0.01319 -0.01484 -0.48123 0.87637
1633434041 -104.09573 -91.53093 -2.76922 0.01288 -0.01471 -0.48071 0.87666
1633434041 -106.55488 -93.17431 -2.83228 0.01263 -0.01510 -0.48031 0.87688
1633434042 -109.67843 -95.24690 -2.91375 0.01214 -0.01529 -0.48009 0.87700
1633434042 -112.23396 -96.96683 -2.97607 0.01255 -0.01496 -0.48009 0.87700
1633434043 -114.82853 -98.71346 -3.03737 0.01228 -0.01390 -0.47980 0.87718
1633434043 -117.42849 -100.45766 -3.09909 0.01315 -0.01348 -0.47931 0.87744
1633434044 -119.99350 -102.17991 -3.15914 0.01359 -0.01309 -0.47878 0.87773
1633434044 -122.57937 -103.92582 -3.21983 0.01336 -0.01318 -0.47846 0.87791
1633434044 -125.15866 -105.67623 -3.27889 0.01369 -0.01339 -0.47824 0.87802
1633434045 -128.46071 -107.89417 -3.35807 0.01326 -0.01260 -0.47782 0.87827
1633434045 -131.15586 -109.72604 -3.42061 0.01385 -0.01258 -0.47747 0.87845
1633434046 -134.60920 -112.05579 -3.50230 0.01288 -0.01229 -0.47700 0.87872
1633434046 -139.44125 -115.27167 -3.61604 0.01294 -0.01282 -0.47654 0.87896
1633434047 -142.89996 -117.61288 -3.68743 0.01335 -0.01324 -0.47655 0.87895
1633434047 -146.48043 -120.02721 -3.77166 0.01325 -0.01325 -0.47629 0.87909
1633434048 -149.29430 -121.98890 -3.81902 0.01241 -0.01283 -0.47593 0.87930
1633434048 -152.10773 -123.94955 -3.86230 0.01166 -0.01301 -0.47579 0.87939
1633434049 -154.88786 -125.89813 -3.90389 0.01244 -0.01402 -0.47633 0.87907
1633434049 -158.41122 -128.31175 -3.96538 0.01281 -0.01365 -0.47708 0.87866
1633434050 -161.88357 -130.70486 -4.02238 0.01394 -0.01205 -0.47780 0.87828
1633434050 -165.30832 -133.06777 -4.07665 0.01503 -0.01178 -0.47884 0.87769
1633434051 -168.15429 -135.02801 -4.12747 0.01514 -0.01095 -0.47948 0.87735
1633434051 -172.35188 -137.87145 -4.20086 0.01563 -0.01004 -0.48017 0.87698
1633434052 -175.76903 -140.21578 -4.25189 0.01518 -0.01050 -0.48035 0.87688
1633434052 -179.19804 -142.59889 -4.30168 0.01487 -0.01042 -0.48045 0.87684
1633434053 -182.66251 -144.98114 -4.36284 0.01541 -0.01096 -0.48039 0.87685
1633434053 -186.27874 -147.44873 -4.43692 0.01522 -0.01119 -0.48043 0.87683
1633434054 -188.93294 -149.34036 -4.46475 0.01422 -0.01066 -0.48051 0.87681
1633434054 -192.60847 -151.84443 -4.53890 0.01462 -0.01075 -0.48054 0.87679
1633434054 -195.41197 -153.82443 -4.57853 0.01491 -0.01068 -0.48080 0.87664
1633434055 -198.01055 -155.66632 -4.60840 0.01498 -0.01022 -0.48122 0.87641
1633434055 -200.74255 -157.56946 -4.64782 0.01511 -0.00929 -0.48165 0.87618
1633434056 -203.46966 -159.45962 -4.68439 0.01542 -0.00847 -0.48219 0.87589
1633434056 -205.53318 -160.91469 -4.71104 0.01516 -0.00791 -0.48287 0.87552
1633434056 -208.31006 -162.82878 -4.75023 0.01518 -0.00778 -0.48430 0.87473
1633434057 -211.19045 -164.79304 -4.79077 0.01498 -0.00740 -0.48607 0.87376
1633434057 -213.93725 -166.66918 -4.82011 0.01563 -0.00718 -0.48861 0.87233
1633434057 -216.17778 -168.14592 -4.86257 0.01604 -0.00689 -0.49059 0.87121
1633434058 -219.11490 -170.10031 -4.90803 0.01745 -0.00638 -0.49319 0.86972
1633434058 -221.28436 -171.52207 -4.94777 0.01951 -0.00630 -0.49598 0.86809
1633434058 -223.43506 -172.92531 -4.98609 0.02038 -0.00521 -0.49921 0.86623
1633434059 -226.37813 -174.79188 -5.03760 0.01851 -0.00327 -0.50440 0.86326
1633434059 -227.86073 -175.75843 -5.06063 0.01603 -0.00127 -0.50772 0.86137
1633434059 -229.40078 -176.74611 -5.07579 0.01589 -0.00006 -0.51092 0.85948
1633434060 -231.74098 -178.16080 -5.10490 0.01704 0.00066 -0.51649 0.85612
1633434060 -233.15951 -179.00798 -5.11918 0.01840 0.00001 -0.52026 0.85381
1633434060 -235.22690 -180.20269 -5.14063 0.01948 -0.00038 -0.52500 0.85088
1633434060 -237.96512 -181.72725 -5.17795 0.02011 -0.00053 -0.53148 0.84683
1633434061 -239.99259 -182.81653 -5.20585 0.01793 -0.00023 -0.53653 0.84369
1633434061 -242.56720 -184.14494 -5.23666 0.01731 -0.00217 -0.54330 0.83936
1633434062 -244.50123 -185.10647 -5.25075 0.01618 -0.00314 -0.54854 0.83596
1633434062 -246.89035 -186.23460 -5.26410 0.01686 -0.00476 -0.55490 0.83173
1633434062 -248.46341 -186.91199 -5.28143 0.01944 -0.00628 -0.56047 0.82792
1633434063 -249.97045 -187.53193 -5.30483 0.02059 -0.00862 -0.56674 0.82360
1633434063 -251.40218 -188.09440 -5.30468 0.01923 -0.00942 -0.57329 0.81908
1633434063 -252.98117 -188.71306 -5.32220 0.01643 -0.01004 -0.57913 0.81501
1633434063 -254.67288 -189.36999 -5.34930 0.01459 -0.00871 -0.58503 0.81083
1633434064 -255.69522 -189.73843 -5.36617 0.01357 -0.00806 -0.58891 0.80804
1633434064 -257.29457 -190.31764 -5.39101 0.01376 -0.00761 -0.59503 0.80355
1633434064 -258.90171 -190.86908 -5.40206 0.01337 -0.00823 -0.60103 0.79907
1633434064 -260.53747 -191.41742 -5.42951 0.01212 -0.00884 -0.60707 0.79450
1633434065 -262.12674 -191.91202 -5.45506 0.01128 -0.00939 -0.61295 0.78999
1633434065 -263.56820 -192.30566 -5.47638 0.01200 -0.00997 -0.61860 0.78555
1633434065 -265.08620 -192.71579 -5.47594 0.01283 -0.01018 -0.62433 0.78099
1633434066 -266.68429 -193.14968 -5.47946 0.01132 -0.00900 -0.63017 0.77632
1633434066 -268.29969 -193.55680 -5.48588 0.00849 -0.00807 -0.63593 0.77166
1633434066 -269.82226 -193.89983 -5.48893 0.00798 -0.00794 -0.64142 0.76711
1633434067 -271.40985 -194.25126 -5.50503 0.00919 -0.00903 -0.64630 0.76297
1633434067 -272.96522 -194.57656 -5.52152 0.00979 -0.00898 -0.65112 0.75886
1633434067 -274.49677 -194.86410 -5.53543 0.01148 -0.00986 -0.65551 0.75503
1633434067 -276.03260 -195.13947 -5.55876 0.01358 -0.01157 -0.65948 0.75151
1633434068 -278.15315 -195.50625 -5.59395 0.01299 -0.01261 -0.66498 0.74664
1633434068 -279.70887 -195.73632 -5.62144 0.01201 -0.01308 -0.66958 0.74253
1633434069 -281.21438 -195.92144 -5.63913 0.01175 -0.01335 -0.67371 0.73878
1633434069 -283.34891 -196.21337 -5.66135 0.01094 -0.01258 -0.67605 0.73667
1633434069 -285.44848 -196.52845 -5.68833 0.00735 -0.00934 -0.67168 0.74075
1633434070 -287.53355 -196.86218 -5.70688 0.01164 -0.00903 -0.67150 0.74086
1633434070 -289.06735 -197.08648 -5.72362 0.01149 -0.01101 -0.67277 0.73968
1633434070 -291.13115 -197.38262 -5.75050 0.00982 -0.01047 -0.67640 0.73639
1633434071 -293.20567 -197.65570 -5.78104 0.01144 -0.00909 -0.68087 0.73226
1633434071 -294.74063 -197.82371 -5.79371 0.01292 -0.00903 -0.68524 0.72814
1633434071 -296.28449 -197.97685 -5.81591 0.01301 -0.00833 -0.69008 0.72356
1633434072 -297.84579 -198.11731 -5.83228 0.01081 -0.00639 -0.69566 0.71826
1633434072 -299.37313 -198.25289 -5.84533 0.00959 -0.00471 -0.70198 0.71211
1633434072 -300.40336 -198.33070 -5.84995 0.00988 -0.00449 -0.70665 0.70748
1633434072 -301.44614 -198.37820 -5.85727 0.00959 -0.00501 -0.71110 0.70301
1633434073 -302.49083 -198.40690 -5.85650 0.01027 -0.00562 -0.71583 0.69818
1633434073 -303.50440 -198.42818 -5.86075 0.01141 -0.00622 -0.72054 0.69329
1633434073 -304.53731 -198.43731 -5.87169 0.01226 -0.00690 -0.72529 0.68830
1633434073 -306.10262 -198.42923 -5.89097 0.01439 -0.00769 -0.73224 0.68085
1633434074 -307.67442 -198.40042 -5.90922 0.01720 -0.00860 -0.73933 0.67307
1633434074 -309.24174 -198.34099 -5.92935 0.01858 -0.00877 -0.74667 0.66487
1633434074 -310.77595 -198.24411 -5.95100 0.01763 -0.00767 -0.75444 0.65609
1633434074 -311.74673 -198.15836 -5.97372 0.01667 -0.00705 -0.75968 0.65005
1633434075 -312.67755 -198.05747 -5.98915 0.01563 -0.00775 -0.76423 0.64470
1633434075 -313.61668 -197.94437 -6.00210 0.01520 -0.00772 -0.76873 0.63935
1633434075 -314.51647 -197.82765 -6.01663 0.01403 -0.00788 -0.77289 0.63433
1633434075 -315.91402 -197.62913 -6.03472 0.01324 -0.00601 -0.77860 0.62735
1633434076 -317.27802 -197.40774 -6.04555 0.01208 -0.00204 -0.78357 0.62118
1633434076 -318.62586 -197.16870 -6.05893 0.01295 -0.00163 -0.78850 0.61490
1633434076 -319.97349 -196.90827 -6.05991 0.01471 -0.00386 -0.79356 0.60830
1633434076 -320.88022 -196.72205 -6.05840 0.01472 -0.00574 -0.79718 0.60354
1633434077 -321.77717 -196.52262 -6.06062 0.01417 -0.00690 -0.80054 0.59907
1633434077 -323.14024 -196.20240 -6.07074 0.01248 -0.00747 -0.80514 0.59290
1633434077 -324.50063 -195.86198 -6.08151 0.01189 -0.00878 -0.80974 0.58661
1633434078 -325.85834 -195.49760 -6.08475 0.01159 -0.00886 -0.81412 0.58052
1633434078 -327.23073 -195.11179 -6.09433 0.01130 -0.00806 -0.81835 0.57455
1633434078 -328.62410 -194.69426 -6.10357 0.01114 -0.00706 -0.82246 0.56867
1633434078 -330.04936 -194.26377 -6.11839 0.00990 -0.00749 -0.82628 0.56312
1633434079 -331.48933 -193.80564 -6.13235 0.00972 -0.00763 -0.83002 0.55760
1633434079 -332.91476 -193.31131 -6.14497 0.00910 -0.00807 -0.83370 0.55208
1633434079 -334.33015 -192.78483 -6.14861 0.00873 -0.00656 -0.83725 0.54671
1633434080 -335.73827 -192.22155 -6.14981 0.00717 -0.00565 -0.84058 0.54161
1633434080 -337.17333 -191.64619 -6.15638 0.00789 -0.00681 -0.84407 0.53614
1633434080 -338.61222 -191.02982 -6.15903 0.00783 -0.00924 -0.84744 0.53076
1633434081 -340.06840 -190.39795 -6.16624 0.00689 -0.00884 -0.85068 0.52556
1633434081 -341.53827 -189.73747 -6.17634 0.00521 -0.00810 -0.85400 0.52019
1633434081 -343.02804 -189.04971 -6.18298 0.00585 -0.00811 -0.85756 0.51428
1633434081 -343.99652 -188.58754 -6.19134 0.00588 -0.00927 -0.85982 0.51048
1633434082 -344.99489 -188.10655 -6.20341 0.00600 -0.00990 -0.86177 0.50717
1633434082 -346.52673 -187.36287 -6.22204 0.00515 -0.01001 -0.86484 0.50191
1633434082 -348.07227 -186.58138 -6.23936 -0.00602 0.00913 0.86789 -0.49663
1633434082 -349.61365 -185.79272 -6.25788 -0.00606 0.00950 0.87088 -0.49137
1633434083 -351.18717 -184.95488 -6.27939 -0.00485 0.00941 0.87389 -0.48601
1633434083 -352.79298 -184.06215 -6.29081 -0.00419 0.00981 0.87693 -0.48050
1633434083 -353.85423 -183.43936 -6.29603 -0.00362 0.01068 0.87904 -0.47662
1633434083 -354.89052 -182.82247 -6.30487 -0.00351 0.01099 0.88114 -0.47271
1633434084 -355.91172 -182.20530 -6.31848 -0.00336 0.01103 0.88328 -0.46870
1633434084 -356.93407 -181.56774 -6.33195 -0.00260 0.01127 0.88533 -0.46483
1633434084 -357.97745 -180.90856 -6.33796 -0.00296 0.01086 0.88743 -0.46081
1633434084 -358.99683 -180.25909 -6.35466 -0.00187 0.01064 0.88954 -0.45673
1633434084 -360.01166 -179.60359 -6.36532 -0.00239 0.01036 0.89165 -0.45259
1633434085 -361.05588 -178.91516 -6.37730 -0.00232 0.01039 0.89382 -0.44830
1633434085 -362.07962 -178.22869 -6.38765 -0.00201 0.01040 0.89568 -0.44458
1633434085 -363.09888 -177.53596 -6.40015 -0.00217 0.00971 0.89758 -0.44073
1633434085 -364.13410 -176.81648 -6.41130 -0.00151 0.00960 0.89931 -0.43721
1633434085 -365.15027 -176.10342 -6.42050 -0.00260 0.00941 0.90102 -0.43366
1633434086 -366.68760 -175.00481 -6.43725 -0.00263 0.01051 0.90340 -0.42866
1633434086 -368.21812 -173.89139 -6.45244 -0.00332 0.01004 0.90569 -0.42382
1633434086 -369.74772 -172.74860 -6.47025 -0.00308 0.00940 0.90771 -0.41948
1633434087 -371.26742 -171.58894 -6.48607 -0.00329 0.00996 0.90980 -0.41492
1633434087 -372.77371 -170.41807 -6.50516 -0.00362 0.01000 0.91149 -0.41118
1633434087 -374.26756 -169.23883 -6.52266 -0.00386 0.00939 0.91295 -0.40794
1633434088 -375.76451 -168.03586 -6.53594 -0.00317 0.00847 0.91426 -0.40504
1633434088 -377.26028 -166.81853 -6.55005 -0.00439 0.00935 0.91536 -0.40250
1633434088 -378.72339 -165.61283 -6.56876 -0.00506 0.00956 0.91648 -0.39993
1633434088 -380.20045 -164.37713 -6.58256 -0.00448 0.00920 0.91752 -0.39756
1633434089 -381.70897 -163.10271 -6.59574 -0.00422 0.00866 0.91835 -0.39566
1633434089 -383.19632 -161.82872 -6.60994 -0.00477 0.00796 0.91925 -0.39357
1633434089 -384.65993 -160.57632 -6.62447 -0.00468 0.00734 0.92014 -0.39149
1633434090 -386.16492 -159.26492 -6.63635 -0.00499 0.00766 0.92090 -0.38968
1633434090 -387.66720 -157.94907 -6.64932 -0.00571 0.00908 0.92164 -0.38790
1633434090 -389.17433 -156.61839 -6.66760 -0.00613 0.01024 0.92233 -0.38621
1633434091 -390.64537 -155.31679 -6.69207 -0.00641 0.00908 0.92285 -0.38500
1633434091 -392.17484 -153.93623 -6.71024 -0.00628 0.00846 0.92324 -0.38408
1633434091 -393.68623 -152.58235 -6.72582 -0.00544 0.00764 0.92362 -0.38320
1633434091 -395.20107 -151.21251 -6.74132 -0.00531 0.00709 0.92406 -0.38215
1633434092 -396.73804 -149.81511 -6.75653 -0.00503 0.00831 0.92448 -0.38110
1633434092 -398.24296 -148.43837 -6.77208 -0.00413 0.00870 0.92490 -0.38008
1633434092 -399.73488 -147.06988 -6.79127 -0.00489 0.00894 0.92525 -0.37922
1633434093 -401.20114 -145.73085 -6.80964 -0.00495 0.00777 0.92550 -0.37864
1633434093 -402.69699 -144.34898 -6.82416 -0.00445 0.00654 0.92579 -0.37795
1633434093 -404.21129 -142.95219 -6.83246 -0.00464 0.00599 0.92612 -0.37715
1633434094 -405.67287 -141.60957 -6.83966 -0.00398 0.00523 0.92635 -0.37661
1633434094 -407.16794 -140.22295 -6.84419 -0.00428 0.00669 0.92659 -0.37600
1633434094 -408.61740 -138.87735 -6.85540 -0.00564 0.00778 0.92687 -0.37526
1633434094 -410.03290 -137.56031 -6.87157 -0.00566 0.00807 0.92707 -0.37477
1633434095 -411.46821 -136.21917 -6.88808 -0.00582 0.00875 0.92729 -0.37420
1633434095 -412.85730 -134.92604 -6.90391 -0.00575 0.00696 0.92760 -0.37346
1633434095 -414.24893 -133.61948 -6.91482 -0.00492 0.00622 0.92798 -0.37256
1633434096 -415.61675 -132.33112 -6.92042 -0.00453 0.00516 0.92859 -0.37105
1633434096 -416.94634 -131.07015 -6.92394 -0.00455 0.00459 0.92924 -0.36943
1633434096 -418.24286 -129.83131 -6.92363 -0.00417 0.00498 0.92994 -0.36764
1633434097 -419.46248 -128.66008 -6.92148 -0.00417 0.00388 0.93077 -0.36557
1633434097 -420.64308 -127.50818 -6.91869 -0.00392 0.00405 0.93196 -0.36251
1633434097 -421.81683 -126.34746 -6.91619 -0.00480 0.00498 0.93328 -0.35907
1633434097 -422.96191 -125.20239 -6.91438 -0.00436 0.00521 0.93465 -0.35550
1633434098 -424.08176 -124.05909 -6.91366 -0.00366 0.00435 0.93623 -0.35133
1633434098 -425.18340 -122.90683 -6.91327 -0.00392 0.00415 0.93789 -0.34689
1633434098 -426.24545 -121.78080 -6.90878 -0.00351 0.00361 0.93960 -0.34223
1633434099 -427.27753 -120.66201 -6.90691 -0.00414 0.00271 0.94154 -0.33686
1633434099 -428.23032 -119.60085 -6.89487 -0.00382 0.00266 0.94365 -0.33091
1633434099 -429.16093 -118.53229 -6.88202 -0.00402 0.00236 0.94592 -0.32435
1633434100 -430.39266 -117.06743 -6.87419 -0.00382 0.00227 0.94908 -0.31500
1633434100 -431.30536 -115.94115 -6.86779 -0.00432 0.00218 0.95155 -0.30744
1633434100 -432.16469 -114.84077 -6.86073 -0.00450 0.00300 0.95406 -0.29956
1633434101 -433.01517 -113.71507 -6.85114 -0.00520 0.00345 0.95667 -0.29110
1633434101 -433.80295 -112.61706 -6.84479 -0.00482 0.00355 0.95926 -0.28246
1633434101 -434.59092 -111.48205 -6.83751 -0.00549 0.00355 0.96186 -0.27348
1633434101 -435.07943 -110.73926 -6.83178 -0.00594 0.00340 0.96362 -0.26719
1633434102 -435.56196 -109.98333 -6.83268 -0.00578 0.00368 0.96536 -0.26083
1633434102 -436.03601 -109.21690 -6.82989 -0.00655 0.00351 0.96724 -0.25377
1633434102 -436.49293 -108.45431 -6.82831 -0.00632 0.00306 0.96896 -0.24711
1633434102 -436.94854 -107.67058 -6.83197 -0.00567 0.00306 0.97081 -0.23976
1633434102 -437.38830 -106.88437 -6.83363 -0.00605 0.00332 0.97264 -0.23223
1633434103 -437.79422 -106.11582 -6.83125 -0.00589 0.00411 0.97441 -0.22466
1633434103 -438.20844 -105.31646 -6.83282 -0.00525 0.00418 0.97619 -0.21683
1633434103 -438.60221 -104.51846 -6.83212 -0.00517 0.00452 0.97791 -0.20889
1633434103 -438.98844 -103.70787 -6.83183 -0.00511 0.00431 0.97963 -0.20068
1633434103 -439.35255 -102.90420 -6.83135 -0.00475 0.00414 0.98127 -0.19254
1633434104 -439.68405 -102.11756 -6.82986 -0.00399 0.00413 0.98285 -0.18434
1633434104 -440.01781 -101.30572 -6.82452 -0.00388 0.00365 0.98437 -0.17605
1633434104 -440.32193 -100.51217 -6.81922 -0.00364 0.00341 0.98585 -0.16757
1633434104 -440.61445 -99.71172 -6.81819 -0.00274 0.00364 0.98724 -0.15918
1633434104 -440.89442 -98.90524 -6.81708 -0.00267 0.00408 0.98858 -0.15063
1633434105 -441.15152 -98.10865 -6.81004 -0.00255 0.00413 0.98988 -0.14184
1633434105 -441.39491 -97.30770 -6.80334 -0.00185 0.00428 0.99106 -0.13332
1633434105 -441.62108 -96.50744 -6.79897 -0.00129 0.00458 0.99220 -0.12455
1633434105 -441.83631 -95.70226 -6.79661 -0.00108 0.00469 0.99323 -0.11606
1633434105 -442.02974 -94.90803 -6.79187 -0.00052 0.00506 0.99421 -0.10731
1633434106 -442.20310 -94.12224 -6.78571 0.00028 0.00556 0.99512 -0.09850
1633434106 -442.36731 -93.32242 -6.78372 0.00065 0.00567 0.99594 -0.08980
1633434106 -442.51891 -92.52358 -6.78153 0.00075 0.00554 0.99668 -0.08117
1633434106 -442.65434 -91.72745 -6.78139 0.00161 0.00558 0.99734 -0.07262
1633434106 -442.77849 -90.92175 -6.78037 0.00227 0.00528 0.99796 -0.06354
1633434107 -442.88833 -90.11600 -6.77945 0.00244 0.00452 0.99851 -0.05434
1633434107 -442.97755 -89.32036 -6.77765 0.00266 0.00429 0.99897 -0.04508
1633434107 -443.05363 -88.52362 -6.77685 0.00358 0.00434 0.99935 -0.03567
1633434107 -443.11425 -87.72341 -6.77528 0.00415 0.00471 0.99963 -0.02635
1633434107 -443.16065 -86.93532 -6.77365 0.00418 0.00497 0.99984 -0.01691
1633434108 -443.19231 -86.14225 -6.77116 0.00434 0.00532 0.99995 -0.00737
1633434108 -443.21037 -85.34614 -6.76981 0.00508 0.00537 0.99997 0.00227
1633434108 -443.21182 -84.55472 -6.76850 0.00557 0.00507 0.99990 0.01169
1633434108 -443.19447 -83.77132 -6.76479 0.00590 0.00497 0.99975 0.02112
1633434108 -443.16298 -82.98723 -6.76075 0.00607 0.00453 0.99950 0.03067
1633434109 -443.11622 -82.19169 -6.75828 0.00702 0.00444 0.99917 0.03997
1633434109 -443.05536 -81.40339 -6.75614 0.00744 0.00454 0.99875 0.04923
1633434109 -442.97929 -80.61097 -6.75348 0.00749 0.00471 0.99825 0.05848
1633434109 -442.89029 -79.81179 -6.75005 0.00784 0.00497 0.99767 0.06762
1633434109 -442.78700 -79.01855 -6.74739 0.00839 0.00472 0.99703 0.07644
1633434110 -442.66917 -78.22186 -6.74317 0.00834 0.00431 0.99633 0.08505
1633434110 -442.53691 -77.41871 -6.73878 0.00812 0.00427 0.99558 0.09351
1633434110 -442.39247 -76.62631 -6.73719 0.00847 0.00429 0.99477 0.10167
1633434110 -442.23578 -75.83036 -6.73351 0.00900 0.00446 0.99393 0.10958
1633434110 -442.06701 -75.04381 -6.73143 0.00909 0.00451 0.99303 0.11740
1633434111 -441.88357 -74.25118 -6.72962 0.00905 0.00477 0.99209 0.12513
1633434111 -441.68953 -73.46264 -6.72738 0.00913 0.00407 0.99112 0.13263
1633434111 -441.48258 -72.66793 -6.72518 0.00889 0.00349 0.99011 0.13996
1633434111 -441.26416 -71.87620 -6.72427 0.00842 0.00328 0.98909 0.14700
1633434111 -441.03223 -71.08816 -6.72241 0.00825 0.00339 0.98811 0.15350
1633434112 -440.67353 -69.90895 -6.71839 0.00839 0.00338 0.98642 0.16400
1633434112 -440.28212 -68.71932 -6.71498 0.00778 0.00351 0.98470 0.17402
1633434112 -440.00507 -67.93273 -6.71416 0.00727 0.00347 0.98349 0.18077
1633434112 -439.57362 -66.75712 -6.71275 0.00708 0.00339 0.98169 0.19033
1633434113 -439.26542 -65.96148 -6.71036 0.00699 0.00325 0.98038 0.19698
1633434113 -438.94851 -65.16012 -6.70476 0.00608 0.00318 0.97905 0.20351
1633434113 -438.61764 -64.35779 -6.70211 0.00643 0.00260 0.97765 0.21011
1633434113 -438.27627 -63.55712 -6.69997 0.00623 0.00238 0.97622 0.21669
1633434113 -437.92284 -62.75697 -6.69948 0.00566 0.00240 0.97478 0.22310
1633434114 -437.55341 -61.95609 -6.69711 0.00529 0.00267 0.97322 0.22980
1633434114 -437.17217 -61.15330 -6.69584 0.00561 0.00277 0.97172 0.23606
1633434114 -436.77705 -60.34412 -6.69396 0.00504 0.00264 0.97013 0.24252
1633434114 -436.36671 -59.53442 -6.69277 0.00455 0.00266 0.96847 0.24907
1633434114 -435.94388 -58.72662 -6.69099 0.00440 0.00237 0.96677 0.25560
1633434115 -435.50802 -57.91801 -6.68885 0.00400 0.00221 0.96503 0.26211
1633434115 -435.05804 -57.10636 -6.68739 0.00345 0.00261 0.96321 0.26873
1633434115 -434.59353 -56.30090 -6.68612 0.00354 0.00296 0.96132 0.27538
1633434115 -434.11817 -55.49276 -6.68390 0.00364 0.00349 0.95940 0.28201
1633434115 -433.62913 -54.68619 -6.68427 0.00324 0.00364 0.95746 0.28854
1633434116 -433.12947 -53.88459 -6.68550 0.00305 0.00343 0.95542 0.29522
1633434116 -432.61331 -53.08253 -6.68657 0.00313 0.00349 0.95329 0.30201
1633434116 -432.08458 -52.28561 -6.68779 0.00312 0.00396 0.95108 0.30891
1633434116 -431.54170 -51.49417 -6.68822 0.00269 0.00444 0.94878 0.31590
1633434116 -430.98738 -50.71181 -6.68810 0.00291 0.00468 0.94652 0.32260
1633434117 -430.42067 -49.93241 -6.69056 0.00279 0.00476 0.94418 0.32939
1633434117 -429.84818 -49.16639 -6.69367 0.00201 0.00454 0.94178 0.33621
1633434117 -429.26468 -48.40594 -6.69679 0.00208 0.00442 0.93943 0.34269
1633434117 -428.66908 -47.64660 -6.69856 0.00181 0.00461 0.93708 0.34909
1633434117 -428.06967 -46.90824 -6.69776 0.00119 0.00482 0.93468 0.35544
1633434118 -427.46115 -46.18032 -6.69985 0.00143 0.00516 0.93229 0.36168
1633434118 -426.84689 -45.46558 -6.70321 0.00111 0.00571 0.92992 0.36772
1633434118 -426.22477 -44.75937 -6.70436 0.00064 0.00639 0.92750 0.37377
1633434118 -425.59041 -44.05584 -6.70532 0.00094 0.00622 0.92526 0.37928
1633434118 -424.94952 -43.36027 -6.70640 0.00054 0.00618 0.92314 0.38443
1633434119 -424.30047 -42.66737 -6.70611 -0.00046 0.00589 0.92096 0.38960
1633434119 -423.65290 -41.99462 -6.70667 -0.00108 0.00541 0.91883 0.39461
1633434119 -422.99686 -41.32840 -6.70776 -0.00132 0.00504 0.91694 0.39900
1633434119 -422.33737 -40.66656 -6.70591 -0.00220 0.00572 0.91484 0.40377
1633434119 -421.67120 -40.01402 -6.70520 -0.00284 0.00542 0.91280 0.40835
1633434120 -420.99746 -39.36918 -6.70302 -0.00297 0.00514 0.91094 0.41251
1633434120 -420.31926 -38.72741 -6.70233 -0.00379 0.00536 0.90900 0.41674
1633434120 -419.62712 -38.08407 -6.69829 -0.00435 0.00518 0.90711 0.42084
1633434120 -418.92880 -37.44618 -6.69338 -0.00440 0.00487 0.90532 0.42467
1633434120 -418.21803 -36.80471 -6.68893 -0.00525 0.00523 0.90346 0.42862
1633434121 -417.50002 -36.16790 -6.68363 -0.00581 0.00536 0.90158 0.43255
1633434121 -416.77357 -35.53790 -6.67813 -0.00628 0.00560 0.89984 0.43615
1633434121 -416.03471 -34.90673 -6.67479 -0.00734 0.00640 0.89813 0.43961
1633434121 -414.89878 -33.94432 -6.67106 -0.00771 0.00805 0.89547 0.44499
1633434122 -414.15204 -33.32827 -6.66791 -0.00809 0.00931 0.89386 0.44817
1633434122 -413.40144 -32.71407 -6.66618 -0.00838 0.00981 0.89225 0.45137
1633434122 -412.27558 -31.80317 -6.66322 -0.00824 0.00894 0.89003 0.45574
1633434122 -411.11357 -30.88206 -6.66371 -0.00908 0.00779 0.88783 0.46001
1633434123 -410.32849 -30.27599 -6.66153 -0.00872 0.00672 0.88643 0.46274
1633434123 -409.51568 -29.65270 -6.65886 -0.00912 0.00638 0.88524 0.46500
1633434123 -408.26598 -28.70278 -6.65559 -0.00947 0.00611 0.88347 0.46835
1633434123 -407.39768 -28.05500 -6.65184 -0.00956 0.00579 0.88257 0.47005
1633434123 -406.51089 -27.39836 -6.64720 -0.00996 0.00613 0.88151 0.47201
1633434124 -405.60084 -26.72847 -6.64198 -0.00909 0.00624 0.88052 0.47388
1633434124 -404.67381 -26.04899 -6.63595 -0.00914 0.00692 0.87964 0.47551
1633434124 -403.73249 -25.36189 -6.63179 -0.00913 0.00703 0.87877 0.47710
1633434124 -402.77805 -24.67106 -6.62574 -0.00855 0.00680 0.87808 0.47839
1633434124 -401.81290 -23.97589 -6.62089 -0.00929 0.00680 0.87739 0.47964
1633434125 -400.83384 -23.27039 -6.61734 -0.00874 0.00640 0.87671 0.48089
1633434125 -399.34868 -22.19905 -6.61365 -0.00947 0.00682 0.87578 0.48256
1633434125 -397.86932 -21.13909 -6.60761 -0.00904 0.00581 0.87504 0.48393
1633434126 -396.34630 -20.05314 -6.60220 -0.00887 0.00573 0.87432 0.48524
1633434126 -394.82727 -18.97596 -6.59697 -0.00831 0.00721 0.87378 0.48619
1633434126 -393.28488 -17.88050 -6.59365 -0.00752 0.00743 0.87349 0.48673
1633434126 -391.76156 -16.79609 -6.59385 -0.00820 0.00758 0.87348 0.48674
1633434127 -390.19458 -15.68347 -6.59371 -0.00769 0.00802 0.87381 0.48614
1633434127 -388.61515 -14.55974 -6.59307 -0.00655 0.00789 0.87418 0.48549
1633434127 -387.03265 -13.42615 -6.59547 -0.00678 0.00806 0.87465 0.48463
1633434128 -385.46242 -12.29529 -6.59474 -0.00683 0.00743 0.87531 0.48346
1633434128 -383.86284 -11.13828 -6.59382 -0.00634 0.00719 0.87596 0.48229
1633434128 -382.76612 -10.35333 -6.59207 -0.00684 0.00702 0.87646 0.48138
1633434128 -381.69082 -9.57113 -6.59193 -0.00645 0.00653 0.87689 0.48060
1633434129 -380.60424 -8.78143 -6.58922 -0.00649 0.00682 0.87738 0.47971
1633434129 -379.50486 -7.97952 -6.58748 -0.00663 0.00704 0.87767 0.47917
1633434129 -378.40904 -7.17712 -6.58596 -0.00629 0.00704 0.87804 0.47850
1633434129 -377.30855 -6.37103 -6.58746 -0.00682 0.00741 0.87814 0.47829
1633434129 -376.19544 -5.55687 -6.58541 -0.00612 0.00748 0.87824 0.47813
1633434130 -375.08678 -4.74153 -6.58405 -0.00719 0.00754 0.87807 0.47842
1633434130 -373.95851 -3.91702 -6.58162 -0.00699 0.00727 0.87778 0.47896
1633434130 -372.82682 -3.09542 -6.57949 -0.00753 0.00732 0.87743 0.47959
1633434130 -371.69831 -2.27395 -6.57617 -0.00732 0.00674 0.87691 0.48055
1633434130 -370.58805 -1.46794 -6.57312 -0.00747 0.00664 0.87643 0.48142
1633434131 -369.47629 -0.66195 -6.57027 -0.00762 0.00699 0.87577 0.48261
1633434131 -368.36385 0.13820 -6.56657 -0.00752 0.00741 0.87525 0.48356
1633434131 -367.24945 0.93670 -6.56562 -0.00788 0.00817 0.87459 0.48472
1633434131 -366.13809 1.73001 -6.56327 -0.00737 0.00847 0.87402 0.48576
1633434131 -365.00883 2.52652 -6.56334 -0.00835 0.00862 0.87333 0.48699
1633434132 -363.87882 3.31863 -6.56297 -0.00763 0.00854 0.87267 0.48817
1633434132 -362.76665 4.09382 -6.56324 -0.00820 0.00882 0.87201 0.48934
1633434132 -361.63104 4.88199 -6.56283 -0.00760 0.00855 0.87138 0.49048
1633434132 -359.95463 6.04112 -6.56397 -0.00838 0.00824 0.87051 0.49202
1633434132 -358.82748 6.81422 -6.56284 -0.00800 0.00787 0.86994 0.49303
1633434133 -357.13987 7.97175 -6.56162 -0.00855 0.00811 0.86924 0.49425
1633434133 -355.47321 9.10590 -6.56049 -0.00858 0.00796 0.86877 0.49508
1633434133 -353.77551 10.25775 -6.55983 -0.00806 0.00816 0.86845 0.49564
1633434134 -352.10035 11.39124 -6.55944 -0.00872 0.00855 0.86832 0.49586
1633434134 -350.40864 12.53194 -6.55973 -0.00857 0.00850 0.86834 0.49582
1633434134 -349.26987 13.29557 -6.55801 -0.00844 0.00856 0.86838 0.49575
1633434134 -348.14079 14.04955 -6.55662 -0.00846 0.00846 0.86857 0.49541
1633434135 -347.00894 14.80826 -6.55348 -0.00905 0.00768 0.86863 0.49532
1633434135 -345.31811 15.94809 -6.55154 -0.00906 0.00771 0.86879 0.49504
1633434135 -344.18689 16.70743 -6.54763 -0.00882 0.00796 0.86882 0.49499
1633434135 -343.03654 17.47748 -6.54288 -0.00886 0.00780 0.86899 0.49469
1633434135 -341.90239 18.24024 -6.54128 -0.00892 0.00792 0.86907 0.49454
1633434136 -340.75527 19.00816 -6.53829 -0.00817 0.00823 0.86922 0.49429
1633434136 -339.61491 19.77544 -6.53765 -0.00852 0.00860 0.86937 0.49402
1633434136 -338.47964 20.54345 -6.53637 -0.00765 0.00848 0.86961 0.49360
1633434136 -337.34433 21.31084 -6.53757 -0.00815 0.00845 0.86985 0.49318
1633434136 -336.20664 22.07802 -6.53552 -0.00754 0.00797 0.87011 0.49274
1633434137 -334.50853 23.24298 -6.53641 -0.00810 0.00774 0.87044 0.49215
1633434137 -332.83877 24.39157 -6.53651 -0.00725 0.00734 0.87082 0.49150
1633434137 -331.15155 25.55031 -6.53621 -0.00636 0.00697 0.87114 0.49095
1633434138 -330.02778 26.32010 -6.53683 -0.00654 0.00746 0.87131 0.49063
1633434138 -328.90713 27.09169 -6.53758 -0.00596 0.00765 0.87148 0.49033
1633434138 -327.78626 27.86042 -6.53787 -0.00632 0.00766 0.87179 0.48979
1633434138 -326.11471 29.01600 -6.54015 -0.00646 0.00724 0.87210 0.48922
1633434138 -324.98857 29.79141 -6.54040 -0.00730 0.00744 0.87231 0.48885
1633434139 -323.29927 30.96304 -6.54029 -0.00698 0.00707 0.87253 0.48846
1633434139 -321.62651 32.12213 -6.54040 -0.00741 0.00693 0.87271 0.48814
1633434139 -319.93374 33.29511 -6.53904 -0.00781 0.00719 0.87277 0.48801
1633434140 -318.26648 34.45025 -6.53730 -0.00742 0.00730 0.87271 0.48813
1633434140 -316.57752 35.61518 -6.53922 -0.00728 0.00742 0.87263 0.48828
1633434140 -314.90444 36.77051 -6.54000 -0.00711 0.00755 0.87250 0.48850
1633434141 -313.21401 37.93400 -6.54140 -0.00687 0.00746 0.87235 0.48878
1633434141 -310.97913 39.47351 -6.54670 -0.00629 0.00774 0.87186 0.48965
1633434141 -309.29997 40.61990 -6.55209 -0.00633 0.00782 0.87144 0.49040
1633434142 -307.60967 41.77274 -6.55684 -0.00610 0.00808 0.87089 0.49138
1633434142 -305.93216 42.91411 -6.56190 -0.00622 0.00830 0.87027 0.49247
1633434142 -304.23845 44.05818 -6.56944 -0.00732 0.00836 0.86971 0.49343
1633434142 -302.56416 45.18655 -6.57309 -0.00764 0.00821 0.86930 0.49415
1633434143 -300.87335 46.32231 -6.57566 -0.00803 0.00769 0.86895 0.49477
1633434143 -298.63111 47.82472 -6.57856 -0.00847 0.00815 0.86869 0.49521
1633434143 -296.96367 48.93971 -6.58497 -0.00798 0.00852 0.86889 0.49487
1633434144 -295.28526 50.06094 -6.58833 -0.00750 0.00714 0.86928 0.49421
1633434144 -293.62252 51.17541 -6.59055 -0.00698 0.00711 0.86967 0.49354
1633434144 -291.40772 52.66467 -6.59814 -0.00592 0.00719 0.87023 0.49256
1633434145 -289.74160 53.78467 -6.60309 -0.00514 0.00678 0.87060 0.49191
1633434145 -288.10211 54.88796 -6.60514 -0.00441 0.00523 0.87102 0.49120
1633434145 -286.43940 56.01400 -6.60464 -0.00517 0.00493 0.87136 0.49060
1633434146 -284.80447 57.12607 -6.60178 -0.00581 0.00487 0.87175 0.48989
1633434146 -283.14928 58.25664 -6.60147 -0.00470 0.00594 0.87187 0.48968
1633434146 -281.50769 59.37716 -6.60690 -0.00355 0.00736 0.87184 0.48973
1633434147 -279.83503 60.51649 -6.61443 -0.00342 0.00806 0.87217 0.48912
1633434147 -278.20910 61.62542 -6.62850 -0.00404 0.00765 0.87261 0.48834
1633434147 -276.56080 62.75922 -6.63924 -0.00633 0.00644 0.87312 0.48742
1633434148 -274.37586 64.27157 -6.64478 -0.00611 0.00562 0.87375 0.48631
1633434148 -272.75255 65.39716 -6.64365 -0.00506 0.00505 0.87415 0.48560
1633434148 -271.11669 66.53853 -6.64755 -0.00391 0.00563 0.87431 0.48532
1633434148 -269.51125 67.65544 -6.65051 -0.00549 0.00407 0.87445 0.48506
1633434149 -267.89475 68.77694 -6.65525 -0.00494 0.00559 0.87455 0.48488
1633434149 -266.28773 69.89925 -6.65985 -0.00490 0.00510 0.87464 0.48472
1633434149 -264.66181 71.03651 -6.66327 -0.00534 0.00518 0.87462 0.48476
1633434150 -263.05554 72.15798 -6.66093 -0.00523 0.00521 0.87467 0.48466
1633434150 -261.43382 73.29041 -6.66236 -0.00494 0.00508 0.87461 0.48478
1633434150 -259.83262 74.41062 -6.66632 -0.00510 0.00564 0.87450 0.48496
1633434151 -258.21979 75.53387 -6.66981 -0.00524 0.00541 0.87448 0.48500
1633434151 -256.62341 76.64265 -6.67567 -0.00456 0.00546 0.87435 0.48525
1633434151 -255.00281 77.76285 -6.67616 -0.00503 0.00540 0.87419 0.48553
1633434151 -253.39104 78.87745 -6.68212 -0.00514 0.00513 0.87413 0.48564
1633434152 -251.78136 79.98494 -6.68217 -0.00474 0.00507 0.87397 0.48592
1633434152 -250.16486 81.09840 -6.68354 -0.00543 0.00471 0.87389 0.48607
1633434152 -248.53693 82.22299 -6.68429 -0.00559 0.00434 0.87396 0.48594
1633434153 -246.93290 83.32814 -6.68556 -0.00475 0.00502 0.87394 0.48598
1633434153 -245.29948 84.45619 -6.67857 -0.00579 0.00358 0.87416 0.48559
1633434153 -243.70570 85.55082 -6.68185 -0.00685 0.00151 0.87430 0.48534
1633434154 -242.10197 86.65834 -6.66934 -0.00616 0.00217 0.87445 0.48507
1633434154 -240.50857 87.75831 -6.65912 -0.00608 0.00301 0.87462 0.48477
1633434154 -238.88472 88.87987 -6.65318 -0.00580 0.00287 0.87484 0.48436
1633434154 -237.26888 89.99758 -6.64490 -0.00587 0.00252 0.87503 0.48403
1633434155 -235.14308 91.46823 -6.63323 -0.00629 0.00202 0.87526 0.48361
1633434155 -233.51095 92.60418 -6.62525 -0.00621 0.00283 0.87546 0.48325
1633434155 -232.39030 93.38689 -6.61966 -0.00598 0.00275 0.87552 0.48314
1633434156 -230.81905 94.47492 -6.60928 -0.00676 0.00242 0.87561 0.48296
1633434156 -229.18137 95.61591 -6.60437 -0.00618 0.00371 0.87567 0.48286
1633434156 -227.55761 96.74562 -6.60103 -0.00635 0.00416 0.87554 0.48309
1633434157 -225.88817 97.90930 -6.60223 -0.00681 0.00404 0.87550 0.48316
1633434157 -224.26382 99.03971 -6.58582 -0.00823 0.00130 0.87535 0.48342
1633434157 -222.66724 100.13496 -6.57670 -0.00771 0.00057 0.87528 0.48356
1633434157 -221.06896 101.23819 -6.56009 -0.00734 0.00159 0.87524 0.48362
1633434158 -219.98242 101.98913 -6.55038 -0.00685 0.00204 0.87525 0.48361
1633434158 -218.34416 103.12305 -6.54038 -0.00691 0.00269 0.87509 0.48391
1633434158 -216.74098 104.22959 -6.52910 -0.00574 0.00269 0.87491 0.48425
1633434159 -215.09885 105.36147 -6.52566 -0.00422 0.00237 0.87449 0.48502
1633434159 -213.48583 106.47096 -6.51884 -0.00378 0.00254 0.87396 0.48597
1633434159 -211.86242 107.57827 -6.51528 -0.00386 0.00304 0.87355 0.48671
1633434159 -210.25212 108.67327 -6.51081 -0.00423 0.00329 0.87320 0.48733
1633434160 -208.60464 109.79048 -6.51023 -0.00502 0.00320 0.87292 0.48782
1633434160 -206.97544 110.89579 -6.50830 -0.00529 0.00305 0.87270 0.48823
1633434160 -205.29792 112.04421 -6.50372 -0.00538 0.00281 0.87253 0.48852
1633434161 -203.65201 113.16965 -6.49948 -0.00556 0.00262 0.87241 0.48874
1633434161 -201.99508 114.30106 -6.49480 -0.00557 0.00283 0.87232 0.48889
1633434161 -199.82732 115.77909 -6.49093 -0.00565 0.00367 0.87243 0.48870
1633434162 -198.18145 116.91017 -6.48923 -0.00571 0.00424 0.87256 0.48846
1633434162 -196.53118 118.04576 -6.48914 -0.00624 0.00405 0.87278 0.48806
1633434162 -194.89947 119.17159 -6.48689 -0.00649 0.00393 0.87316 0.48737
1633434163 -193.25485 120.31384 -6.48168 -0.00716 0.00308 0.87346 0.48683
1633434163 -191.11936 121.79445 -6.47406 -0.00710 0.00252 0.87385 0.48614
1633434163 -189.00070 123.27294 -6.46407 -0.00682 0.00260 0.87432 0.48530
1633434164 -186.88359 124.76307 -6.45700 -0.00712 0.00316 0.87469 0.48462
1633434164 -184.78593 126.24074 -6.44987 -0.00729 0.00291 0.87498 0.48410
1633434165 -182.68403 127.72757 -6.44169 -0.00802 0.00193 0.87514 0.48380
1633434165 -180.61195 129.19203 -6.42952 -0.00808 0.00247 0.87549 0.48317
1633434165 -179.07035 130.28699 -6.41377 -0.00840 0.00218 0.87559 0.48297
1633434166 -177.49832 131.40525 -6.40259 -0.00854 0.00184 0.87565 0.48286
1633434166 -176.01974 132.45397 -6.38667 -0.00817 0.00205 0.87569 0.48279
1633434166 -173.90539 133.96091 -6.37570 -0.00800 0.00206 0.87557 0.48302
1633434167 -172.38275 135.03987 -6.36421 -0.00698 0.00259 0.87548 0.48320
1633434167 -170.35200 136.47562 -6.35504 -0.00634 0.00282 0.87534 0.48346
1633434167 -168.81207 137.55749 -6.34941 -0.00645 0.00256 0.87530 0.48354
1633434168 -167.25094 138.66195 -6.33836 -0.00660 0.00254 0.87528 0.48356
1633434168 -165.13563 140.16516 -6.32944 -0.00626 0.00191 0.87513 0.48384
1633434168 -163.59556 141.25559 -6.31742 -0.00614 0.00160 0.87493 0.48421
1633434169 -162.01891 142.36681 -6.30556 -0.00584 0.00152 0.87469 0.48464
1633434169 -160.47506 143.45026 -6.29398 -0.00609 0.00191 0.87445 0.48508
1633434169 -158.39969 144.90360 -6.28084 -0.00655 0.00213 0.87420 0.48553
1633434170 -156.83583 145.98612 -6.27473 -0.00679 0.00203 0.87401 0.48586
1633434170 -155.25426 147.08584 -6.26342 -0.00659 0.00166 0.87384 0.48617
1633434170 -153.67287 148.18620 -6.25094 -0.00621 0.00165 0.87371 0.48640
1633434170 -152.10936 149.26804 -6.24136 -0.00625 0.00131 0.87358 0.48663
1633434171 -150.55604 150.33994 -6.23100 -0.00620 0.00015 0.87355 0.48670
1633434171 -149.04678 151.37784 -6.21848 -0.00495 0.00041 0.87344 0.48691
1633434171 -147.53665 152.41887 -6.21344 -0.00323 0.00140 0.87353 0.48676
1633434172 -146.01368 153.47758 -6.21510 -0.00333 0.00022 0.87394 0.48602
1633434172 -144.49436 154.54395 -6.21541 -0.00321 0.00064 0.87435 0.48528
1633434172 -143.00165 155.59600 -6.21508 -0.00276 0.00042 0.87461 0.48482
1633434173 -141.49554 156.66190 -6.21782 -0.00149 -0.00013 0.87496 0.48418
1633434173 -140.00268 157.72620 -6.21202 -0.00156 0.00031 0.87534 0.48350
1633434173 -138.49085 158.81463 -6.20884 -0.00252 0.00192 0.87558 0.48307
1633434173 -136.98141 159.90477 -6.20645 -0.00269 0.00292 0.87595 0.48239
1633434174 -135.50037 160.97595 -6.20481 -0.00342 0.00259 0.87638 0.48159
1633434174 -133.98564 162.07807 -6.20045 -0.00478 0.00205 0.87696 0.48054
1633434174 -132.47233 163.18843 -6.19134 -0.00624 0.00166 0.87764 0.47928
1633434175 -131.05058 164.22473 -6.18052 -0.00729 0.00165 0.87833 0.47800
1633434175 -129.54520 165.33105 -6.16559 -0.00753 0.00162 0.87903 0.47671
1633434175 -128.03341 166.44490 -6.15371 -0.00655 0.00230 0.87966 0.47555
1633434176 -126.50983 167.56963 -6.14518 -0.00608 0.00308 0.87995 0.47501
1633434176 -124.49021 169.06942 -6.14016 -0.00563 0.00264 0.88022 0.47452
1633434176 -122.96209 170.19982 -6.13455 -0.00575 0.00220 0.88018 0.47460
1633434177 -121.40457 171.35426 -6.12664 -0.00591 0.00166 0.87986 0.47519
1633434177 -119.87739 172.48465 -6.11809 -0.00568 0.00325 0.87937 0.47610
1633434177 -118.36440 173.60437 -6.11235 -0.00637 0.00236 0.87904 0.47670
1633434178 -115.95458 175.38833 -6.10302 -0.00760 0.00289 0.87813 0.47836
1633434178 -113.66294 177.07596 -6.09047 -0.00772 0.00303 0.87722 0.48002
1633434179 -111.01432 179.00006 -6.07842 -0.00782 0.00338 0.87592 0.48239
1633434179 -108.88010 180.53285 -6.07072 -0.00810 0.00330 0.87477 0.48445
1633434180 -106.42730 182.26790 -6.06432 -0.00808 0.00345 0.87314 0.48739
1633434180 -104.41972 183.65249 -6.06221 -0.00787 0.00426 0.87078 0.49159
1633434181 -103.28530 184.41488 -6.06101 -0.00787 0.00436 0.86916 0.49446
1633434181 -102.20747 185.12468 -6.05820 -0.00760 0.00316 0.86758 0.49722
1633434181 -100.32175 186.36949 -6.05105 -0.00754 0.00320 0.86405 0.50333
1633434182 -99.15242 187.11593 -6.04608 -0.00773 0.00337 0.86178 0.50721
1633434182 -97.85778 187.89384 -6.04653 -0.00746 0.00305 0.85884 0.51219
1633434183 -96.31654 188.85292 -6.04391 -0.00737 0.00385 0.85576 0.51730
1633434183 -94.77230 189.79652 -6.04407 -0.00660 0.00386 0.85237 0.52288
1633434183 -93.62405 190.47877 -6.03853 -0.00653 0.00378 0.84933 0.52781
1633434184 -92.54453 191.08770 -6.03785 -0.00620 0.00392 0.84599 0.53315
1633434184 -91.46878 191.68786 -6.03136 -0.00654 0.00437 0.84230 0.53895
1633434184 -90.41897 192.25249 -6.02703 -0.00621 0.00422 0.83858 0.54473
1633434184 -89.54774 192.66936 -6.02898 -0.00611 0.00426 0.83446 0.55101
1633434185 -88.57865 193.13985 -6.02733 -0.00574 0.00460 0.83010 0.55756
1633434185 -87.57967 193.61875 -6.02518 -0.00527 0.00406 0.82559 0.56424
1633434185 -86.66118 194.03509 -6.02510 -0.00524 0.00416 0.82077 0.57122
1633434186 -85.80630 194.39431 -6.02065 -0.00529 0.00390 0.81583 0.57826
1633434186 -84.98064 194.71582 -6.01514 -0.00491 0.00418 0.81097 0.58505
1633434186 -84.18134 195.00517 -6.00846 -0.00464 0.00392 0.80576 0.59222
1633434187 -83.39740 195.27112 -6.00020 -0.00453 0.00318 0.80030 0.59957
1633434187 -82.61639 195.51659 -5.99127 -0.00405 0.00279 0.79435 0.60744
1633434187 -81.86449 195.73385 -5.98271 -0.00385 0.00229 0.78904 0.61433
1633434187 -81.10873 195.93990 -5.97280 -0.00352 0.00194 0.78367 0.62116
1633434188 -80.35536 196.13220 -5.96171 -0.00269 0.00191 0.77839 0.62777
1633434188 -79.56863 196.32855 -5.95418 -0.00271 0.00119 0.77241 0.63511
1633434188 -78.78848 196.50083 -5.94442 -0.00278 0.00082 0.76543 0.64352
1633434189 -78.23994 196.61456 -5.93833 -0.00214 0.00040 0.76070 0.64910
1633434189 -77.68450 196.72485 -5.93146 -0.00158 0.00061 0.75557 0.65506
1633434189 -76.60105 196.89901 -5.92456 -0.00105 -0.00005 0.74468 0.66743
1633434189 -76.03989 196.97737 -5.92108 -0.00072 0.00024 0.73869 0.67405
1633434190 -74.90796 197.10152 -5.91599 -0.00018 0.00028 0.72561 0.68811
1633434190 -73.76832 197.16705 -5.90954 0.00012 0.00007 0.71118 0.70301
1633434190 -73.19850 197.17902 -5.90654 -0.00014 -0.00008 0.70368 0.71052
1633434191 -72.05195 197.16548 -5.90460 0.00012 0.00025 0.68851 0.72522
1633434191 -71.48238 197.13751 -5.90185 0.00033 -0.00006 0.68081 0.73246
1633434191 -70.35112 197.03796 -5.90274 0.00019 0.00000 0.66368 0.74801
1633434192 -69.21418 196.88046 -5.90283 0.00050 0.00057 0.64518 0.76403
1633434192 -68.64293 196.77790 -5.90231 0.00028 0.00056 0.63546 0.77213
1633434192 -68.06218 196.66357 -5.90069 0.00029 0.00121 0.62568 0.78008
1633434193 -66.92276 196.39064 -5.90554 0.00028 0.00246 0.60518 0.79608
1633434193 -66.35075 196.23255 -5.90482 0.00018 0.00292 0.59446 0.80412
1633434193 -65.23346 195.86622 -5.90813 0.00017 0.00363 0.57263 0.81981
1633434193 -64.68679 195.65959 -5.90886 0.00014 0.00424 0.56157 0.82742
1633434194 -64.14556 195.43990 -5.91007 -0.00009 0.00453 0.55052 0.83481
1633434194 -63.61149 195.20298 -5.91041 0.00029 0.00480 0.53937 0.84205
1633434194 -62.57614 194.69315 -5.91788 0.00021 0.00512 0.51637 0.85635
1633434194 -62.06910 194.41682 -5.91955 0.00017 0.00514 0.50485 0.86319
1633434195 -61.56810 194.12541 -5.92063 0.00013 0.00519 0.49295 0.87004
1633434195 -61.07429 193.82160 -5.92248 -0.00030 0.00543 0.48100 0.87671
1633434195 -60.34782 193.33542 -5.92751 -0.00074 0.00547 0.46214 0.88679
1633434195 -59.63219 192.80846 -5.93085 -0.00107 0.00532 0.44262 0.89669
1633434196 -58.93005 192.23813 -5.93227 -0.00121 0.00447 0.42284 0.90619
1633434196 -58.46778 191.83601 -5.93147 -0.00103 0.00440 0.40917 0.91245
1633434196 -57.78831 191.19410 -5.92867 -0.00164 0.00420 0.38815 0.92159
1633434196 -57.12741 190.50882 -5.92582 -0.00171 0.00388 0.36671 0.93033
1633434197 -56.69604 190.02524 -5.92146 -0.00182 0.00327 0.35208 0.93596
1633434197 -56.06781 189.25786 -5.91942 -0.00190 0.00217 0.32919 0.94426
1633434197 -55.66075 188.72120 -5.91654 -0.00149 0.00184 0.31368 0.94953
1633434197 -55.26112 188.15536 -5.91313 -0.00102 0.00154 0.29766 0.95467
1633434197 -55.06593 187.86509 -5.90901 -0.00089 0.00131 0.28979 0.95709
1633434198 -54.69134 187.26969 -5.90503 -0.00037 0.00037 0.27386 0.96177
1633434198 -54.32854 186.65044 -5.90257 0.00044 -0.00037 0.25778 0.96620
1633434198 -54.14982 186.33264 -5.89935 0.00069 -0.00065 0.24992 0.96827
1633434198 -53.97629 186.01325 -5.89610 0.00062 -0.00099 0.24225 0.97021
1633434198 -53.64476 185.35710 -5.89335 0.00041 -0.00172 0.22692 0.97391
1633434198 -53.32916 184.68147 -5.89251 0.00083 -0.00249 0.21168 0.97734
1633434199 -53.17549 184.33823 -5.88971 0.00101 -0.00286 0.20420 0.97893
1633434199 -53.02602 183.98975 -5.88735 0.00092 -0.00326 0.19679 0.98044
1633434199 -52.61601 182.92339 -5.88551 0.00079 -0.00470 0.17429 0.98468
1633434199 -52.36196 182.19078 -5.88329 0.00086 -0.00540 0.15922 0.98723
1633434199 -52.13088 181.44471 -5.88153 0.00093 -0.00680 0.14474 0.98945
1633434200 -51.91769 180.68631 -5.87907 0.00118 -0.00747 0.13015 0.99147
1633434200 -51.72350 179.91229 -5.87657 0.00153 -0.00793 0.11599 0.99322
1633434200 -51.54486 179.12504 -5.87545 0.00190 -0.00838 0.10226 0.99472
1633434200 -51.38378 178.32659 -5.87504 0.00235 -0.00902 0.08923 0.99597
1633434200 -51.24103 177.51730 -5.87396 0.00213 -0.00928 0.07625 0.99704
1633434201 -51.11786 176.70380 -5.87323 0.00189 -0.00849 0.06334 0.99795
1633434201 -51.01796 175.88634 -5.87317 0.00200 -0.00826 0.05093 0.99867
1633434201 -50.93891 175.06934 -5.87274 0.00151 -0.00813 0.03893 0.99921
1633434201 -50.87561 174.23910 -5.86990 0.00151 -0.00802 0.02753 0.99959
1633434201 -50.82786 173.40064 -5.87064 0.00133 -0.00716 0.01589 0.99985
1633434202 -50.80014 172.56093 -5.86953 0.00053 -0.00696 0.00476 0.99996
1633434202 -50.78986 171.71539 -5.86601 -0.00078 -0.00650 -0.00620 0.99996
1633434202 -50.79773 170.86761 -5.86317 -0.00168 -0.00544 -0.01684 0.99984
1633434202 -50.82166 170.01343 -5.86169 -0.00185 -0.00460 -0.02757 0.99961
1633434202 -50.86133 169.15452 -5.85653 -0.00159 -0.00430 -0.03731 0.99929
1633434203 -50.91525 168.29085 -5.85119 -0.00156 -0.00429 -0.04660 0.99890
1633434203 -50.98285 167.42102 -5.84526 -0.00155 -0.00314 -0.05588 0.99843
1633434203 -51.06552 166.54896 -5.84038 -0.00174 -0.00297 -0.06388 0.99795
1633434203 -51.22032 165.24820 -5.83171 -0.00215 -0.00278 -0.07461 0.99721
1633434204 -51.39895 163.94953 -5.82434 -0.00221 -0.00210 -0.08486 0.99639
1633434204 -51.60192 162.64815 -5.81436 -0.00240 -0.00215 -0.09406 0.99556
1633434204 -51.82394 161.34368 -5.80675 -0.00154 -0.00230 -0.10186 0.99479
1633434204 -52.06713 160.03574 -5.79995 -0.00140 -0.00252 -0.10868 0.99407
1633434205 -52.32301 158.73372 -5.79457 -0.00101 -0.00198 -0.11462 0.99341
1633434205 -52.68753 156.99580 -5.78727 -0.00103 -0.00177 -0.12142 0.99260
1633434206 -53.07154 155.27214 -5.78083 -0.00037 -0.00180 -0.12653 0.99196
1633434206 -53.46176 153.54413 -5.77772 0.00057 -0.00213 -0.13005 0.99151
1633434206 -53.85457 151.82626 -5.77273 0.00034 -0.00205 -0.13211 0.99123
1633434207 -54.34899 149.69476 -5.77070 -0.00002 -0.00165 -0.13275 0.99115
1633434207 -54.73414 147.99639 -5.76543 -0.00046 -0.00125 -0.13151 0.99131
1633434208 -55.11024 146.30961 -5.76152 -0.00143 -0.00095 -0.12913 0.99163
1633434208 -55.37816 145.04936 -5.75114 -0.00184 -0.00005 -0.12672 0.99194
1633434208 -55.63570 143.79132 -5.74348 -0.00210 -0.00006 -0.12276 0.99243
1633434209 -55.87898 142.53383 -5.72975 -0.00209 0.00083 -0.11743 0.99308
1633434209 -56.10502 141.27517 -5.72196 -0.00250 0.00113 -0.11163 0.99375
1633434209 -56.30735 140.03620 -5.70811 -0.00157 0.00206 -0.10544 0.99442
1633434209 -56.48428 138.80963 -5.69580 -0.00133 0.00238 -0.09887 0.99510
1633434210 -56.63439 137.62027 -5.68592 -0.00024 0.00345 -0.09245 0.99571
1633434210 -56.77440 136.42213 -5.67788 -0.00045 0.00408 -0.08579 0.99630
1633434210 -56.89298 135.25184 -5.67028 -0.00083 0.00438 -0.07875 0.99688
1633434211 -56.98714 134.09145 -5.66557 -0.00000 0.00502 -0.07027 0.99752
1633434211 -57.03819 133.32082 -5.66122 -0.00026 0.00552 -0.06345 0.99797
1633434211 -57.07413 132.56123 -5.65633 0.00019 0.00591 -0.05582 0.99842
1633434211 -57.09243 131.81628 -5.65330 0.00018 0.00645 -0.04747 0.99885
1633434211 -57.09453 131.09550 -5.64994 -0.00023 0.00677 -0.03881 0.99922
1633434212 -57.08157 130.38769 -5.64864 -0.00074 0.00695 -0.02973 0.99953
1633434212 -57.05778 129.67724 -5.64689 -0.00045 0.00721 -0.02027 0.99977
1633434212 -57.02113 128.98994 -5.64536 -0.00076 0.00761 -0.01121 0.99991
1633434212 -56.97171 128.34472 -5.64191 -0.00060 0.00777 -0.00242 0.99997
1633434212 -56.91636 127.72110 -5.63879 -0.00082 0.00799 0.00654 0.99995
1633434213 -56.84932 127.12126 -5.63605 -0.00094 0.00763 0.01588 0.99984
1633434213 -56.77073 126.54946 -5.63588 -0.00128 0.00792 0.02494 0.99966
1633434213 -56.68635 125.99280 -5.63371 -0.00135 0.00812 0.03343 0.99941
1633434213 -56.58979 125.45293 -5.63168 -0.00198 0.00831 0.04294 0.99904
1633434213 -56.48240 124.92650 -5.62850 -0.00252 0.00818 0.05291 0.99856
1633434214 -56.36494 124.41857 -5.62865 -0.00247 0.00793 0.06257 0.99801
1633434214 -56.23966 123.90588 -5.62792 -0.00206 0.00847 0.07196 0.99737
1633434214 -56.10249 123.40618 -5.62621 -0.00178 0.00804 0.08206 0.99659
1633434214 -55.95559 122.91529 -5.62454 -0.00170 0.00832 0.09183 0.99574
1633434214 -55.80026 122.43304 -5.62096 -0.00176 0.00868 0.10145 0.99480
1633434215 -55.63696 121.95157 -5.61948 -0.00162 0.00840 0.11145 0.99373
1633434215 -55.46542 121.47760 -5.61874 -0.00159 0.00845 0.12108 0.99261
1633434215 -55.28482 121.01516 -5.61752 -0.00167 0.00843 0.13132 0.99130
1633434215 -55.09555 120.55254 -5.61637 -0.00140 0.00813 0.14200 0.98983
1633434215 -54.89583 120.10742 -5.61745 -0.00143 0.00855 0.15251 0.98826
1633434216 -54.68477 119.67825 -5.61703 -0.00113 0.00868 0.16454 0.98633
1633434216 -54.46282 119.26118 -5.61758 -0.00087 0.00868 0.17700 0.98417
1633434216 -54.23524 118.84349 -5.61907 -0.00058 0.00895 0.18860 0.98201
1633434216 -53.99788 118.44056 -5.62225 -0.00065 0.00947 0.20058 0.97963
1633434216 -53.76733 118.06593 -5.62413 -0.00020 0.01003 0.21056 0.97753
1633434217 -53.53940 117.70758 -5.62623 0.00025 0.00997 0.22030 0.97538
1633434217 -53.31172 117.37136 -5.62836 0.00010 0.01003 0.22965 0.97322
1633434217 -53.08976 117.05347 -5.63162 0.00017 0.01014 0.23750 0.97134
1633434217 -52.76430 116.61950 -5.63795 0.00099 0.01005 0.25016 0.96815
1633434218 -52.54287 116.34746 -5.64132 0.00074 0.01003 0.25884 0.96587
1633434218 -52.32022 116.07895 -5.64418 0.00110 0.01008 0.26770 0.96345
1633434218 -52.09549 115.82132 -5.64730 0.00173 0.01034 0.27656 0.96094
1633434218 -51.86792 115.57022 -5.65068 0.00198 0.01083 0.28481 0.95852
1633434218 -51.52417 115.20937 -5.65536 0.00155 0.01077 0.29772 0.95459
1633434219 -51.29251 114.97781 -5.65758 0.00158 0.01125 0.30602 0.95196
1633434219 -50.95200 114.64809 -5.66430 0.00125 0.01209 0.31694 0.94837
1633434219 -50.60792 114.32140 -5.67091 0.00106 0.01171 0.32683 0.94501
1633434220 -50.27044 114.00701 -5.67741 0.00115 0.01083 0.33592 0.94183
1633434220 -49.92711 113.69358 -5.68391 0.00091 0.01104 0.34459 0.93869
1633434220 -49.59137 113.39164 -5.69184 0.00066 0.01165 0.35255 0.93572
1633434221 -49.15023 113.00633 -5.70481 0.00043 0.01129 0.36201 0.93211
1633434221 -48.71868 112.63071 -5.71744 0.00005 0.01133 0.37093 0.92859
1633434221 -48.29542 112.28269 -5.72795 -0.00004 0.01110 0.38011 0.92487
1633434222 -47.88313 111.95686 -5.74190 -0.00002 0.01137 0.38907 0.92114
1633434222 -47.37659 111.55675 -5.75925 0.00002 0.01183 0.39854 0.91707
1633434223 -46.88478 111.17712 -5.77166 -0.00009 0.01253 0.40729 0.91321
1633434223 -46.40215 110.81956 -5.78347 0.00066 0.01231 0.41530 0.90960
1633434224 -45.85171 110.41213 -5.79753 0.00149 0.01225 0.42396 0.90560
1633434224 -45.30884 110.02345 -5.80852 0.00140 0.01209 0.43163 0.90197
1633434225 -44.79092 109.63772 -5.81303 0.00066 0.01240 0.43915 0.89833
1633434226 -44.38988 109.33214 -5.81745 0.00071 0.01192 0.44527 0.89532
1633434226 -43.95759 109.02734 -5.81758 -0.00044 0.01037 0.45129 0.89232
1633434227 -43.47433 108.69437 -5.82256 0.00010 0.01131 0.45738 0.88920
1633434227 -42.95343 108.35476 -5.82545 0.00013 0.01251 0.46378 0.88586
1633434228 -42.42490 108.02397 -5.83126 0.00016 0.01344 0.46966 0.88274
1633434228 -41.88716 107.70278 -5.83635 0.00050 0.01402 0.47598 0.87934
1633434229 -41.26129 107.34621 -5.84499 0.00100 0.01547 0.48223 0.87591
1633434229 -40.65463 107.01064 -5.85326 0.00080 0.01581 0.48700 0.87326
1633434230 -39.96359 106.62867 -5.86098 0.00060 0.01557 0.49057 0.87126
1633434231 -39.15040 106.16566 -5.87393 0.00089 0.01416 0.49035 0.87141
1633434231 -38.35595 105.71050 -5.88408 -0.00087 0.01261 0.48544 0.87418
1633434232 -37.78915 105.37219 -5.89574 -0.00187 0.01143 0.47946 0.87749
1633434232 -37.05245 104.95698 -5.90024 -0.00451 0.01097 0.47249 0.88126
1633434233 -36.40780 104.59879 -5.90489 -0.00619 0.01099 0.46534 0.88504
1633434233 -35.80272 104.25607 -5.90734 -0.00767 0.01055 0.45788 0.88892
1633434234 -35.24181 103.91808 -5.90745 -0.00898 0.01155 0.44900 0.89341
1633434234 -34.77731 103.59145 -5.90039 -0.00780 0.01130 0.43965 0.89807
1633434234 -34.32775 103.29593 -5.89720 -0.00699 0.01134 0.43145 0.90204
1633434235 -33.95665 103.01939 -5.88927 -0.00676 0.01141 0.42337 0.90586
1633434235 -33.64701 102.75645 -5.87849 -0.00606 0.01254 0.41339 0.91045
1633434235 -33.29926 102.46188 -5.87003 -0.00568 0.01257 0.40288 0.91515
1633434235 -33.06763 102.25976 -5.86296 -0.00545 0.01277 0.39598 0.91816
1633434236 -32.73026 101.94740 -5.85680 -0.00505 0.01359 0.38473 0.92292
1633434236 -32.51248 101.72958 -5.84876 -0.00519 0.01470 0.37489 0.92694
1633434236 -32.31004 101.50720 -5.84246 -0.00532 0.01444 0.36371 0.93138
1633434236 -32.12337 101.27879 -5.83757 -0.00560 0.01371 0.35034 0.93650
1633434237 -31.93189 101.03291 -5.83344 -0.00573 0.01310 0.33566 0.94187
1633434237 -31.82580 100.89791 -5.82859 -0.00581 0.01255 0.32817 0.94452
1633434237 -31.73394 100.77133 -5.82496 -0.00597 0.01212 0.32081 0.94705
1633434237 -31.55178 100.50695 -5.81989 -0.00656 0.01174 0.30558 0.95207
1633434237 -31.39786 100.25636 -5.81602 -0.00679 0.01179 0.29003 0.95692
1633434237 -31.32327 100.12932 -5.81100 -0.00687 0.01180 0.28214 0.95928
1633434237 -31.19187 99.87897 -5.80363 -0.00719 0.01145 0.26619 0.96383
1633434238 -31.06358 99.61958 -5.79647 -0.00747 0.01119 0.25012 0.96812
1633434238 -30.99841 99.48770 -5.79069 -0.00721 0.01109 0.24262 0.97003
1633434238 -30.93235 99.34937 -5.78440 -0.00677 0.01101 0.23473 0.97197
1633434238 -30.87225 99.21691 -5.77853 -0.00651 0.01087 0.22694 0.97383
1633434238 -30.81339 99.07983 -5.77283 -0.00637 0.01097 0.21888 0.97567
1633434238 -30.75906 98.94690 -5.76693 -0.00627 0.01122 0.21117 0.97736
1633434238 -30.70571 98.80921 -5.76061 -0.00613 0.01126 0.20325 0.97904
1633434238 -30.65823 98.67668 -5.75384 -0.00598 0.01116 0.19528 0.98067
1633434238 -30.61431 98.54076 -5.74714 -0.00584 0.01096 0.18647 0.98238
1633434239 -30.54378 98.26999 -5.73867 -0.00561 0.01036 0.16780 0.98575
1633434239 -30.51039 98.13579 -5.73248 -0.00547 0.00974 0.15871 0.98726
1633434239 -30.47912 97.99706 -5.72648 -0.00527 0.00892 0.14940 0.98872
1633434239 -30.45146 97.86026 -5.72086 -0.00502 0.00795 0.14013 0.99009
1633434239 -30.42465 97.71805 -5.71494 -0.00481 0.00728 0.13057 0.99140
1633434239 -30.40047 97.57891 -5.70855 -0.00478 0.00692 0.12114 0.99260
1633434239 -30.37805 97.43497 -5.70191 -0.00485 0.00671 0.11135 0.99375
1633434239 -30.35982 97.29701 -5.69550 -0.00494 0.00633 0.10205 0.99475
1633434239 -30.34428 97.15606 -5.68887 -0.00500 0.00599 0.09276 0.99566
1633434240 -30.33114 97.01807 -5.68227 -0.00508 0.00583 0.08376 0.99646
1633434240 -30.31965 96.87633 -5.67542 -0.00524 0.00594 0.07426 0.99721
1633434240 -30.31164 96.73832 -5.66903 -0.00543 0.00602 0.06459 0.99788
1633434240 -30.30814 96.59370 -5.66289 -0.00571 0.00573 0.05436 0.99849
1633434240 -30.30794 96.45674 -5.65683 -0.00601 0.00511 0.04500 0.99896
1633434240 -30.30956 96.31195 -5.65029 -0.00622 0.00453 0.03532 0.99935
1633434240 -30.31309 96.17030 -5.64397 -0.00640 0.00426 0.02562 0.99964
1633434240 -30.32003 96.02507 -5.63775 -0.00643 0.00407 0.01525 0.99985
1633434240 -30.33066 95.88374 -5.63212 -0.00640 0.00371 0.00516 0.99996
1633434240 -30.34522 95.73701 -5.62635 -0.00642 0.00324 -0.00504 0.99996
1633434241 -30.36303 95.59544 -5.61969 -0.00651 0.00301 -0.01474 0.99987
1633434241 -30.38288 95.45213 -5.61288 -0.00672 0.00301 -0.02460 0.99967
1633434241 -30.40595 95.31203 -5.60606 -0.00707 0.00309 -0.03446 0.99938
1633434241 -30.43265 95.16864 -5.59926 -0.00751 0.00308 -0.04451 0.99898
1633434241 -30.47179 95.03486 -5.59033 -0.00788 0.00294 -0.05437 0.99849
1633434241 -30.49476 94.88566 -5.58541 -0.00832 0.00269 -0.06428 0.99789
1633434241 -30.52971 94.74720 -5.57850 -0.00842 0.00231 -0.07418 0.99721
1633434241 -30.56751 94.60563 -5.57045 -0.00825 0.00201 -0.08445 0.99639
1633434241 -30.60688 94.46580 -5.56422 -0.00821 0.00199 -0.09443 0.99550
1633434241 -30.64951 94.32050 -5.55877 -0.00808 0.00164 -0.10457 0.99448
1633434242 -30.69487 94.17958 -5.55230 -0.00800 0.00137 -0.11417 0.99343
1633434242 -30.74469 94.03556 -5.54469 -0.00817 0.00131 -0.12420 0.99222
1633434242 -30.79665 93.89445 -5.53645 -0.00865 0.00148 -0.13420 0.99091
1633434242 -30.85355 93.74979 -5.52801 -0.00926 0.00176 -0.14454 0.98945
1633434242 -30.91313 93.60729 -5.52033 -0.00972 0.00199 -0.15476 0.98790
1633434242 -30.97764 93.46364 -5.51308 -0.00996 0.00199 -0.16524 0.98620
1633434242 -31.04363 93.32624 -5.50678 -0.01016 0.00197 -0.17551 0.98442
1633434242 -31.11454 93.18558 -5.50005 -0.01027 0.00173 -0.18604 0.98249
1633434242 -31.18649 93.04946 -5.49315 -0.01047 0.00159 -0.19620 0.98051
1633434242 -31.26450 92.90971 -5.48662 -0.01087 0.00164 -0.20653 0.97838
1633434243 -31.34135 92.77658 -5.47936 -0.01121 0.00145 -0.21631 0.97626
1633434243 -31.42447 92.63926 -5.47102 -0.01157 0.00144 -0.22631 0.97399
1633434243 -31.50884 92.50600 -5.46288 -0.01186 0.00151 -0.23615 0.97164
1633434243 -31.59969 92.37034 -5.45522 -0.01203 0.00147 -0.24645 0.96908
1633434243 -31.69076 92.24219 -5.44841 -0.01208 0.00154 -0.25628 0.96653
1633434243 -31.78639 92.11439 -5.44237 -0.01203 0.00163 -0.26622 0.96384
1633434243 -31.88166 91.99137 -5.43594 -0.01199 0.00147 -0.27588 0.96112
1633434243 -31.98305 91.86640 -5.42794 -0.01205 0.00118 -0.28573 0.95823
1633434243 -32.08483 91.74682 -5.41966 -0.01224 0.00107 -0.29504 0.95540
1633434243 -32.19501 91.62259 -5.41128 -0.01250 0.00092 -0.30484 0.95232
1633434244 -32.30187 91.50547 -5.40348 -0.01256 0.00074 -0.31415 0.94929
1633434244 -32.41627 91.38541 -5.39606 -0.01241 0.00057 -0.32374 0.94606
1633434244 -32.52860 91.27129 -5.38864 -0.01219 0.00025 -0.33278 0.94293
1633434244 -32.64898 91.15385 -5.38070 -0.01183 0.00005 -0.34223 0.93954
1633434244 -32.76541 91.04403 -5.37267 -0.01160 0.00001 -0.35134 0.93618
1633434244 -32.88963 90.93241 -5.36404 -0.01155 -0.00001 -0.36075 0.93259
1633434244 -33.01136 90.82702 -5.35577 -0.01152 -0.00011 -0.36947 0.92917
1633434244 -33.14330 90.71723 -5.34769 -0.01138 -0.00041 -0.37843 0.92556
1633434244 -33.27280 90.61332 -5.33937 -0.01112 -0.00077 -0.38692 0.92205
1633434244 -33.40823 90.50888 -5.33084 -0.01092 -0.00100 -0.39558 0.91836
1633434245 -33.54192 90.41049 -5.32273 -0.01102 -0.00103 -0.40413 0.91463
1633434245 -33.68118 90.31334 -5.31419 -0.01131 -0.00104 -0.41314 0.91060
1633434245 -33.81629 90.22330 -5.30642 -0.01165 -0.00097 -0.42174 0.90664
1633434245 -33.95824 90.13186 -5.29957 -0.01171 -0.00104 -0.43034 0.90259
1633434245 -34.09835 90.04408 -5.29292 -0.01140 -0.00128 -0.43842 0.89870
1633434245 -34.24574 89.95431 -5.28638 -0.01103 -0.00165 -0.44653 0.89470
1633434245 -34.38453 89.87230 -5.27894 -0.01111 -0.00158 -0.45400 0.89093
1633434245 -34.53313 89.78917 -5.27013 -0.01142 -0.00129 -0.46189 0.88687
1633434245 -34.67693 89.71165 -5.26181 -0.01196 -0.00084 -0.46952 0.88284
1633434245 -34.82520 89.63391 -5.25360 -0.01253 -0.00064 -0.47730 0.87865
1633434246 -34.97017 89.56062 -5.24590 -0.01287 -0.00052 -0.48460 0.87464
1633434246 -35.12349 89.48725 -5.23859 -0.01295 -0.00040 -0.49205 0.87047
1633434246 -35.43262 89.35800 -5.22799 -0.01318 -0.00050 -0.50661 0.86207
1633434246 -35.58241 89.29596 -5.22039 -0.01331 -0.00064 -0.51375 0.85784
1633434246 -35.89264 89.18429 -5.20862 -0.01387 -0.00040 -0.52772 0.84930
1633434246 -36.20720 89.08172 -5.19580 -0.01433 0.00003 -0.54156 0.84054
1633434247 -36.52724 88.98768 -5.18261 -0.01471 0.00039 -0.55515 0.83162
1633434247 -36.85166 88.90419 -5.16883 -0.01481 0.00006 -0.56831 0.82268
1633434247 -37.17882 88.82733 -5.15608 -0.01524 0.00033 -0.58147 0.81342
1633434247 -37.51194 88.75834 -5.14298 -0.01576 0.00026 -0.59368 0.80455
1633434247 -37.85384 88.69871 -5.12973 -0.01601 0.00018 -0.60542 0.79574
1633434248 -38.19355 88.64374 -5.11622 -0.01509 -0.00005 -0.61699 0.78683
1633434248 -38.53131 88.60075 -5.10429 -0.01476 -0.00006 -0.62788 0.77817
1633434248 -38.87622 88.56698 -5.09001 -0.01473 -0.00024 -0.63882 0.76921
1633434248 -39.21717 88.54487 -5.07550 -0.01477 -0.00089 -0.65004 0.75976
1633434248 -39.55411 88.53633 -5.06089 -0.01508 -0.00143 -0.66057 0.75061
1633434249 -39.88434 88.54052 -5.04877 -0.01527 -0.00202 -0.67091 0.74138
1633434249 -40.23091 88.54522 -5.03543 -0.01466 -0.00260 -0.68053 0.73257
1633434249 -40.57608 88.55917 -5.02089 -0.01382 -0.00291 -0.69009 0.72358
1633434249 -40.90405 88.58728 -5.00850 -0.01335 -0.00337 -0.69905 0.71494
1633434249 -41.24079 88.62234 -4.99733 -0.01341 -0.00415 -0.70818 0.70590
1633434250 -41.59422 88.65909 -4.98503 -0.01347 -0.00480 -0.71707 0.69686
1633434250 -41.94427 88.70402 -4.97314 -0.01375 -0.00521 -0.72568 0.68788
1633434250 -42.30076 88.75619 -4.96312 -0.01290 -0.00501 -0.73421 0.67879
1633434250 -42.66059 88.81462 -4.95188 -0.01242 -0.00529 -0.74242 0.66979
1633434250 -43.01156 88.88232 -4.94116 -0.01210 -0.00548 -0.75036 0.66089
1633434251 -43.35117 88.95960 -4.93296 -0.01196 -0.00588 -0.75798 0.65214
1633434251 -43.69639 89.04505 -4.92455 -0.01172 -0.00653 -0.76536 0.64347
1633434251 -44.05323 89.13677 -4.91652 -0.01116 -0.00706 -0.77235 0.63506
1633434251 -44.40674 89.23484 -4.90805 -0.01065 -0.00751 -0.77883 0.62709
1633434251 -44.76103 89.33841 -4.90024 -0.00931 -0.00773 -0.78609 0.61799
1633434252 -45.09134 89.44268 -4.89266 -0.00874 -0.00900 -0.79188 0.61055
1633434252 -45.54155 89.59036 -4.88335 -0.00800 -0.01036 -0.79841 0.60197
1633434252 -45.94600 89.73384 -4.87444 -0.00801 -0.00890 -0.80358 0.59507
1633434252 -46.36392 89.89816 -4.86784 -0.00734 -0.00808 -0.81089 0.58509
1633434253 -46.63652 90.01405 -4.86304 -0.00685 -0.00939 -0.81570 0.57836
1633434253 -46.90554 90.13537 -4.85701 -0.00759 -0.00992 -0.82065 0.57130
1633434253 -47.18647 90.26230 -4.85039 -0.00745 -0.01007 -0.82588 0.56371
1633434253 -47.46325 90.39179 -4.84586 -0.00703 -0.01016 -0.83067 0.55663
1633434253 -47.72576 90.52487 -4.84275 -0.00636 -0.00991 -0.83557 0.54926
1633434254 -48.01603 90.66756 -4.83900 -0.00585 -0.01043 -0.84022 0.54211
1633434254 -48.43677 90.88433 -4.83576 -0.00519 -0.01097 -0.84659 0.53211
1633434254 -48.85295 91.11165 -4.83111 -0.00463 -0.01066 -0.85301 0.52177
1633434255 -49.23329 91.33451 -4.83067 -0.00341 -0.01078 -0.85896 0.51191
1633434255 -49.60253 91.55742 -4.82906 -0.00122 -0.01091 -0.86464 0.50228
1633434255 -49.93839 91.76990 -4.82574 0.00027 0.01081 0.86908 -0.49455
1633434255 -50.24750 91.97511 -4.82532 -0.00000 0.01099 0.87302 -0.48756
1633434256 -50.55595 92.19394 -4.82614 0.00115 0.01099 0.87744 -0.47955
1633434256 -50.88862 92.43490 -4.82844 0.00093 0.01121 0.88223 -0.47068
1633434256 -51.22378 92.69239 -4.83318 -0.00112 0.01044 0.88736 -0.46097
1633434257 -51.56377 92.96679 -4.83656 -0.00208 0.01003 0.89210 -0.45172
1633434257 -51.90799 93.25623 -4.83772 -0.00266 0.00973 0.89693 -0.44206
1633434257 -52.26159 93.56377 -4.84202 -0.00357 0.00994 0.90166 -0.43231
1633434258 -52.61073 93.87802 -4.84237 -0.00506 0.00954 0.90610 -0.42292
1633434258 -52.96241 94.20274 -4.84198 -0.00625 0.00928 0.91039 -0.41360
1633434258 -53.28478 94.51512 -4.84054 -0.00600 0.00960 0.91432 -0.40483
1633434258 -53.57792 94.81428 -4.84331 -0.00520 0.00944 0.91801 -0.39642
1633434259 -53.86700 95.10833 -4.84953 -0.00625 0.00978 0.92130 -0.38868
1633434259 -54.13342 95.39368 -4.85479 -0.00770 0.00936 0.92486 -0.38013
1633434259 -54.37611 95.66554 -4.85957 -0.00707 0.00915 0.92818 -0.37196
1633434260 -54.59541 95.92660 -4.86350 -0.00586 0.00947 0.93132 -0.36404
1633434260 -54.80227 96.17415 -4.86891 -0.00577 0.00933 0.93404 -0.35700
1633434260 -55.06356 96.50033 -4.87133 -0.00586 0.00843 0.93695 -0.34931
1633434261 -55.34915 96.86554 -4.86971 -0.00508 0.00772 0.94004 -0.34094
1633434261 -55.64528 97.26428 -4.86813 -0.00525 0.00787 0.94328 -0.33187
1633434262 -55.92412 97.66471 -4.86464 -0.00553 0.00864 0.94636 -0.32294
1633434262 -56.19567 98.06262 -4.86693 -0.00430 0.00792 0.94944 -0.31383
1633434262 -56.39904 98.37884 -4.86175 -0.00366 0.00643 0.95171 -0.30690
1633434263 -56.64092 98.75382 -4.85801 -0.00441 0.00606 0.95418 -0.29914
1633434263 -56.88252 99.14665 -4.85277 -0.00488 0.00623 0.95637 -0.29206
1633434263 -57.23745 99.72309 -4.84875 -0.00501 0.00729 0.95943 -0.28180
1633434264 -57.48471 100.15283 -4.84595 -0.00521 0.00719 0.96218 -0.27228
1633434264 -57.73208 100.60336 -4.84799 -0.00291 0.00582 0.96488 -0.26261
1633434264 -57.90350 100.93078 -4.84738 -0.00312 0.00580 0.96703 -0.25459
1633434264 -58.08447 101.28252 -4.84626 -0.00365 0.00709 0.96899 -0.24697
1633434265 -58.33828 101.79922 -4.84324 -0.00402 0.00640 0.97181 -0.23563
1633434265 -58.50225 102.15833 -4.83961 -0.00443 0.00629 0.97385 -0.22707
1633434265 -58.66024 102.52435 -4.84082 -0.00493 0.00691 0.97592 -0.21798
1633434265 -58.81883 102.90323 -4.84134 -0.00576 0.00703 0.97788 -0.20896
1633434265 -58.97081 103.29050 -4.83981 -0.00626 0.00698 0.97981 -0.19971
1633434266 -59.10660 103.66586 -4.83518 -0.00701 0.00744 0.98168 -0.19026
1633434266 -59.24882 104.05082 -4.83345 -0.00766 0.00819 0.98309 -0.18277
1633434266 -59.44094 104.60499 -4.83251 -0.00819 0.00797 0.98520 -0.17103
1633434266 -59.56141 104.98444 -4.83272 -0.00853 0.00746 0.98658 -0.16287
1633434266 -59.66982 105.39645 -4.82634 -0.00886 0.00728 0.98794 -0.15443
1633434267 -59.77999 105.73189 -4.83119 -0.00956 0.00746 0.98918 -0.14620
1633434267 -59.87281 106.08313 -4.83276 -0.01030 0.00708 0.99035 -0.13804
1633434267 -59.95271 106.43583 -4.83450 -0.01092 0.00684 0.99141 -0.13015
1633434267 -60.02454 106.74885 -4.83930 -0.01168 0.00667 0.99236 -0.12265
1633434268 -60.14457 107.27350 -4.83797 -0.01221 0.00660 0.99363 -0.11184
1633434268 -60.25961 107.79524 -4.83092 -0.01153 0.00612 0.99472 -0.10174
1633434268 -60.35236 108.31004 -4.84006 -0.01182 0.00669 0.99563 -0.09238
1633434268 -60.44485 108.77412 -4.83663 -0.01291 0.00661 0.99644 -0.08309
1633434269 -60.49554 109.21391 -4.83617 -0.01346 0.00567 0.99735 -0.07124
1633434269 -60.54333 109.50029 -4.83942 -0.01313 0.00492 0.99788 -0.06348
1633434269 -60.56617 109.81505 -4.84055 -0.01317 0.00522 0.99837 -0.05535
1633434269 -60.59984 110.08373 -4.83960 -0.01339 0.00531 0.99875 -0.04781
1633434270 -60.64197 110.51243 -4.83851 -0.01349 0.00507 0.99910 -0.03996
1633434270 -60.70321 111.17708 -4.83846 -0.01412 0.00463 0.99939 -0.03164
1633434270 -60.75600 111.80427 -4.83826 -0.01508 0.00569 0.99959 -0.02353
1633434271 -60.78580 112.39187 -4.82977 -0.01491 0.00236 0.99975 -0.01628
1633434271 -60.82004 112.89068 -4.83455 -0.01509 0.00289 0.99983 -0.01043
1633434272 -60.84444 113.54684 -4.83422 -0.01508 0.00379 0.99987 -0.00414
1633434272 -60.87412 114.40956 -4.82816 -0.01441 0.00325 0.99989 0.00324
1633434273 -60.89152 115.48974 -4.83264 -0.01416 0.00444 0.99985 0.00933
1633434273 -60.89382 116.62696 -4.82611 -0.01319 0.00538 0.99979 0.01453
1633434274 -60.86752 118.16889 -4.82742 -0.01142 0.00581 0.99974 0.01884
1633434275 -60.85599 119.94741 -4.82672 -0.01019 0.00833 0.99968 0.02162
1633434276 -60.83408 121.05613 -4.82946 -0.00710 0.00788 0.99968 0.02312
1633434276 -60.78684 122.51758 -4.82177 -0.00544 0.01051 0.99948 0.03013
1633434277 -60.73302 123.56336 -4.83193 -0.00214 0.00967 0.99922 0.03835
1633434278 -60.66096 124.60785 -4.83421 -0.00135 0.01120 0.99876 0.04843
1633434278 -60.59326 125.46139 -4.84893 0.00206 0.00891 0.99840 0.05582
1633434279 -60.49983 126.54769 -4.85281 0.00160 0.01141 0.99789 0.06391
1633434279 -60.41283 127.41698 -4.86879 0.00362 0.00954 0.99740 0.07131
1633434280 -60.31716 128.33963 -4.87271 0.00452 0.01109 0.99680 0.07901
1633434280 -60.16731 129.39532 -4.87265 0.00630 0.01006 0.99612 0.08722
1633434281 -60.03989 130.34771 -4.89159 0.00732 0.01104 0.99558 0.09302
1633434281 -59.84033 131.57648 -4.89894 0.00813 0.01171 0.99487 0.10011
1633434282 -59.67598 132.52394 -4.92030 0.00965 0.01121 0.99426 0.10599
1633434283 -59.48682 133.48781 -4.92932 0.01065 0.01082 0.99370 0.11107
1633434294 -59.80143 131.88868 -4.91433 0.00772 0.00914 0.99374 0.11107
1633434294 -59.97310 131.14141 -4.86245 0.00677 0.01194 0.99449 0.10389
1633434295 -60.11256 130.56912 -4.86721 0.00718 0.01229 0.99536 0.09517
1633434295 -60.25485 129.96341 -4.83701 0.00612 0.01338 0.99613 0.08660
1633434296 -60.35779 129.49406 -4.83805 0.00700 0.01270 0.99684 0.07805
1633434296 -60.47202 129.00988 -4.82584 0.00551 0.01344 0.99752 0.06893
1633434296 -60.55304 128.61330 -4.83940 0.00665 0.01249 0.99811 0.05975
1633434297 -60.64049 128.09820 -4.81613 0.00684 0.01204 0.99861 0.05088
1633434297 -60.70415 127.61362 -4.81261 0.00648 0.01190 0.99908 0.04071
1633434298 -60.79832 126.95696 -4.76601 0.00541 0.01239 0.99944 0.03060
1633434299 -60.88106 126.08347 -4.74289 0.00545 0.01202 0.99970 0.02084
1633434300 -60.94068 124.79944 -4.68998 0.00510 0.01260 0.99982 0.01322
1633434302 -60.88387 123.17145 -4.62997 0.00444 0.01270 0.99984 0.01207
1633434303 -60.77363 121.55119 -4.62658 0.00247 0.01186 0.99984 0.01334
1633434305 -60.70573 120.18661 -4.62490 -0.00045 0.01073 0.99979 0.01763
1633434306 -60.61371 119.04375 -4.60683 -0.00449 0.00947 0.99971 0.02187
1633434308 -60.43529 117.52887 -4.57321 -0.00688 0.00805 0.99981 0.01629
1633434309 -60.46166 117.29075 -4.63300 -0.00672 0.00706 0.99993 0.00687
1633434310 -60.50819 117.21819 -4.70482 -0.00749 0.00644 0.99994 -0.00362
1633434311 -60.50707 116.98424 -4.72002 -0.00769 0.00585 0.99986 -0.01401
1633434311 -60.49261 116.72963 -4.73614 -0.00795 0.00533 0.99966 -0.02413
1633434312 -60.40887 115.98108 -4.72109 -0.00786 0.00507 0.99942 -0.03266
1633434315 -60.10139 113.90536 -4.64807 -0.00830 0.00425 0.99952 -0.02944
1633434316 -60.03517 112.50105 -4.62585 -0.00845 0.00461 0.99968 -0.02359
1633434317 -60.01241 111.09655 -4.62932 -0.00879 0.00524 0.99979 -0.01776
1633434318 -59.94517 109.84291 -4.61177 -0.00859 0.00572 0.99987 -0.01229
1633434320 -59.84897 108.57719 -4.61765 -0.00740 0.00478 0.99993 -0.00746
1633434322 -59.69723 106.48596 -4.59151 -0.00471 0.00535 0.99995 -0.00673
1633434324 -59.52251 104.10262 -4.57971 -0.00377 0.00515 0.99995 -0.00746
1633434326 -59.37631 102.25051 -4.58268 -0.00383 0.00393 0.99991 -0.01241
1633434329 -59.20470 100.16949 -4.59380 -0.00494 0.00266 0.99992 -0.01174
1633434331 -59.09622 98.58720 -4.58000 -0.00513 0.00377 0.99994 -0.00855
1633434332 -59.02336 97.54347 -4.57745 -0.00709 0.00502 0.99996 -0.00373
1633434334 -58.96363 96.31357 -4.58612 -0.00705 0.00388 0.99997 0.00096
1633434336 -58.89065 94.45170 -4.57298 -0.00825 0.00440 0.99996 0.00038
1633434339 -58.81098 92.97981 -4.57419 -0.00799 0.00808 0.99993 -0.00247
1633434354 -58.80866 92.85770 -4.62843 0.00138 0.00019 1.00000 -0.00188
1633434355 -58.87488 93.67537 -4.63739 0.00256 -0.00627 0.99997 -0.00257
1633434356 -58.95472 94.77273 -4.76451 0.00024 -0.00517 0.99995 -0.00816
1633434357 -59.22703 97.10281 -5.12809 -0.00288 -0.00018 0.99994 -0.01054
1633434358 -59.44902 99.54058 -5.08897 -0.00311 0.00104 0.99994 -0.01009
1633434360 -59.72181 102.21282 -4.97168 -0.00339 0.00208 0.99996 -0.00828
1633434361 -59.77376 103.67701 -4.78982 -0.00125 0.00511 0.99995 -0.00813
1633434362 -59.94219 105.84281 -4.74141 -0.00321 0.00745 0.99995 -0.00639
1633434363 -59.99175 107.01717 -4.66758 -0.00443 0.00633 0.99997 -0.00136
1633434364 -60.10417 108.12458 -4.65787 -0.00629 0.00802 0.99994 0.00385
1633434364 -60.10878 109.00957 -4.66474 -0.00595 0.00534 0.99992 0.01006
1633434365 -60.05796 109.71360 -4.61226 -0.00649 0.00738 0.99973 0.02100
1633434365 -60.00481 109.98143 -4.58163 -0.00546 0.00725 0.99956 0.02834
1633434365 -59.93033 110.04770 -4.52608 -0.00432 0.00564 0.99933 0.03589
1633434366 -59.91671 110.67034 -4.48860 -0.00442 0.00602 0.99899 0.04435
1633434366 -59.85651 111.09129 -4.46703 -0.00451 0.00850 0.99844 0.05499
1633434366 -59.79886 111.59840 -4.45714 -0.00314 0.01000 0.99771 0.06684
1633434366 -59.75826 111.90012 -4.46116 -0.00186 0.00985 0.99714 0.07489
1633434367 -59.71161 112.27836 -4.44678 -0.00144 0.00887 0.99646 0.08359
1633434367 -59.64004 112.60472 -4.43567 -0.00210 0.00909 0.99560 0.09327
1633434367 -59.54909 112.99254 -4.42895 -0.00272 0.01155 0.99453 0.10380
1633434367 -59.45628 113.42688 -4.41071 -0.00277 0.01303 0.99335 0.11436
1633434367 -59.36124 113.78562 -4.40181 -0.00270 0.01358 0.99194 0.12592
1633434368 -59.24369 114.13689 -4.40455 -0.00089 0.01453 0.99036 0.13777
1633434368 -59.12245 114.47918 -4.40321 0.00155 0.01564 0.98849 0.15047
1633434368 -58.97500 114.89674 -4.39342 0.00371 0.01544 0.98640 0.16359
1633434368 -58.81851 115.30529 -4.38313 0.00513 0.01577 0.98410 0.17684
1633434368 -58.65116 115.70556 -4.37550 0.00588 0.01638 0.98158 0.19025
1633434369 -58.47579 116.09544 -4.37369 0.00547 0.01697 0.97870 0.20453
1633434369 -58.27726 116.51350 -4.37567 0.00364 0.01883 0.97499 0.22141
1633434369 -58.16913 116.70565 -4.37776 0.00321 0.01974 0.97280 0.23076
1633434369 -58.05785 116.88873 -4.37266 0.00295 0.02020 0.97063 0.23973
1633434369 -57.93518 117.09201 -4.36804 0.00342 0.02004 0.96830 0.24895
1633434369 -57.82174 117.26985 -4.36495 0.00395 0.01968 0.96610 0.25738
1633434369 -57.69581 117.46461 -4.36219 0.00475 0.01952 0.96383 0.26578
1633434369 -57.57296 117.64966 -4.36151 0.00498 0.01963 0.96146 0.27420
1633434370 -57.44601 117.83371 -4.36248 0.00449 0.02015 0.95875 0.28351
1633434370 -57.31811 118.00935 -4.36434 0.00363 0.02081 0.95584 0.29312
1633434370 -57.18527 118.18516 -4.36727 0.00344 0.02098 0.95284 0.30273
1633434370 -57.05499 118.35170 -4.36860 0.00370 0.02092 0.95000 0.31152
1633434370 -56.92083 118.51666 -4.36964 0.00387 0.02060 0.94704 0.32044
1633434370 -56.78633 118.67407 -4.37095 0.00385 0.02012 0.94398 0.32938
1633434370 -56.63930 118.84127 -4.37142 0.00441 0.01996 0.94055 0.33903
1633434370 -56.49377 119.00006 -4.37146 0.00545 0.02006 0.93719 0.34821
1633434370 -56.34671 119.15358 -4.37307 0.00628 0.02006 0.93379 0.35720
1633434370 -56.20636 119.29615 -4.37468 0.00697 0.02001 0.93036 0.36604
1633434371 -56.06235 119.43987 -4.37448 0.00734 0.02006 0.92663 0.37537
1633434371 -55.91982 119.57484 -4.37451 0.00728 0.01962 0.92288 0.38452
1633434371 -55.63171 119.83725 -4.38067 0.00692 0.01827 0.91524 0.40243
1633434371 -55.48048 119.96239 -4.38148 0.00651 0.01783 0.91119 0.41155
1633434371 -55.33565 120.07748 -4.38034 0.00622 0.01799 0.90723 0.42021
1633434371 -55.17812 120.19803 -4.37951 0.00611 0.01826 0.90313 0.42894
1633434371 -55.02449 120.30999 -4.37838 0.00611 0.01827 0.89906 0.43741
1633434371 -54.86659 120.42129 -4.37631 0.00602 0.01843 0.89463 0.44638
1633434371 -54.71963 120.51899 -4.37286 0.00586 0.01863 0.89030 0.45495
1633434372 -54.41954 120.71525 -4.36934 0.00597 0.01883 0.88142 0.47192
1633434372 -54.26526 120.80427 -4.36423 0.00595 0.01858 0.87690 0.48027
1633434372 -53.97005 120.97145 -4.35784 0.00546 0.01829 0.86766 0.49679
1633434372 -53.66429 121.13742 -4.35824 0.00520 0.01852 0.85811 0.51311
1633434372 -53.51753 121.20641 -4.35504 0.00482 0.01879 0.85327 0.52110
1633434372 -53.36256 121.27448 -4.35158 0.00430 0.01903 0.84822 0.52929
1633434372 -53.20727 121.34047 -4.34622 0.00421 0.01918 0.84317 0.53729
1633434373 -53.04419 121.40774 -4.33999 0.00441 0.01932 0.83802 0.54528
1633434373 -52.89051 121.46914 -4.33395 0.00449 0.01952 0.83297 0.55296
1633434373 -52.72952 121.53064 -4.32844 0.00449 0.01973 0.82757 0.56100
1633434373 -52.57555 121.58666 -4.32359 0.00439 0.01959 0.82215 0.56892
1633434373 -52.23667 121.69816 -4.32187 0.00370 0.01894 0.81091 0.58485
1633434373 -51.88835 121.79829 -4.32491 0.00414 0.01807 0.79933 0.60060
1633434373 -51.70115 121.84419 -4.32522 0.00442 0.01789 0.79333 0.60852
1633434374 -51.32686 121.93175 -4.32849 0.00422 0.01819 0.78102 0.62423
1633434374 -50.95841 122.00762 -4.32788 0.00456 0.01857 0.76847 0.63960
1633434374 -50.79991 122.03585 -4.32250 0.00437 0.01899 0.76224 0.64700
1633434374 -50.63776 122.06245 -4.31642 0.00419 0.01934 0.75577 0.65453
1633434374 -50.33258 122.09968 -4.30816 0.00366 0.01952 0.74265 0.66939
1633434374 -50.02015 122.11474 -4.30090 0.00291 0.01978 0.72927 0.68394
1633434375 -49.68741 122.11145 -4.29772 0.00240 0.01961 0.71573 0.69810
1633434375 -49.51271 122.10260 -4.29516 0.00247 0.01931 0.70899 0.70495
1633434375 -49.16691 122.07678 -4.29185 0.00160 0.01840 0.69512 0.71866
1633434375 -48.79311 122.02861 -4.28962 0.00078 0.01809 0.68049 0.73253
1633434375 -48.41516 121.97130 -4.28712 0.00106 0.01841 0.66517 0.74646
1633434375 -48.21503 121.93368 -4.28432 0.00106 0.01825 0.65763 0.75312
1633434376 -47.85271 121.85373 -4.27986 0.00078 0.01760 0.64264 0.76597
1633434376 -47.67180 121.80678 -4.27599 0.00053 0.01717 0.63519 0.77217
1633434376 -47.48624 121.75580 -4.27202 0.00035 0.01711 0.62747 0.77845
1633434376 -47.30934 121.70406 -4.26750 0.00014 0.01732 0.61966 0.78468
1633434376 -47.13556 121.64901 -4.26329 -0.00017 0.01772 0.61153 0.79102
1633434376 -46.81304 121.52953 -4.25902 -0.00054 0.01835 0.59521 0.80336
1633434376 -46.64948 121.46167 -4.25366 -0.00065 0.01843 0.58728 0.80917
1633434376 -46.34234 121.32566 -4.24284 -0.00080 0.01791 0.57105 0.82072
1633434377 -46.03661 121.17168 -4.23155 -0.00139 0.01757 0.55428 0.83214
1633434377 -45.87890 121.08602 -4.22508 -0.00135 0.01758 0.54556 0.83789
1633434377 -45.56009 120.89792 -4.21639 -0.00108 0.01753 0.52791 0.84912
1633434377 -45.39270 120.79285 -4.20965 -0.00112 0.01731 0.51935 0.85438
1633434377 -45.21985 120.67926 -4.20312 -0.00132 0.01701 0.51066 0.85961
1633434377 -44.88400 120.44402 -4.19348 -0.00190 0.01642 0.49303 0.86985
1633434377 -44.71640 120.32177 -4.18668 -0.00230 0.01646 0.48412 0.87485
1633434378 -44.55493 120.19784 -4.18015 -0.00269 0.01666 0.47504 0.87980
1633434378 -44.39550 120.06916 -4.17390 -0.00289 0.01664 0.46599 0.88463
1633434378 -44.07664 119.78884 -4.16529 -0.00296 0.01617 0.44798 0.89389
1633434378 -43.91534 119.63951 -4.15896 -0.00312 0.01586 0.43898 0.89835
1633434378 -43.77159 119.50069 -4.15175 -0.00345 0.01561 0.43000 0.90269
1633434378 -43.64636 119.37396 -4.14266 -0.00378 0.01537 0.42087 0.90698
1633434378 -43.52894 119.25015 -4.13288 -0.00405 0.01538 0.41193 0.91108
1633434378 -43.41403 119.12423 -4.12333 -0.00420 0.01544 0.40285 0.91513
1633434378 -43.30029 118.99402 -4.11416 -0.00438 0.01555 0.39379 0.91906
1633434379 -43.07542 118.71660 -4.10078 -0.00476 0.01563 0.37559 0.92664
1633434379 -42.96538 118.57232 -4.09178 -0.00497 0.01565 0.36652 0.93027
1633434379 -42.77424 118.30191 -4.07551 -0.00545 0.01526 0.34810 0.93732
1633434379 -42.67457 118.15877 -4.06537 -0.00547 0.01511 0.33897 0.94066
1633434379 -42.48258 117.85313 -4.04968 -0.00546 0.01512 0.32051 0.94711
1633434379 -42.28754 117.51009 -4.03409 -0.00546 0.01481 0.30203 0.95317
1633434380 -42.18628 117.32738 -4.02430 -0.00550 0.01477 0.29290 0.95601
1633434380 -42.08870 117.14578 -4.01472 -0.00557 0.01474 0.28371 0.95878
1633434380 -41.91994 116.79889 -3.99837 -0.00563 0.01470 0.26531 0.96403
1633434380 -41.84343 116.63614 -3.98825 -0.00556 0.01454 0.25627 0.96648
1633434380 -41.77366 116.47948 -3.97819 -0.00563 0.01440 0.24718 0.96885
1633434380 -41.70822 116.32373 -3.96793 -0.00573 0.01426 0.23806 0.97113
1633434380 -41.64818 116.17370 -3.95740 -0.00586 0.01413 0.22900 0.97331
1633434380 -41.59027 116.01916 -3.94623 -0.00589 0.01397 0.21996 0.97539
1633434380 -41.53563 115.86439 -3.93541 -0.00599 0.01379 0.21117 0.97733
1633434381 -41.48426 115.71041 -3.92484 -0.00603 0.01365 0.20236 0.97920
1633434381 -41.43294 115.54224 -3.91413 -0.00604 0.01349 0.19359 0.98097
1633434381 -41.38400 115.37046 -3.90384 -0.00616 0.01333 0.18487 0.98265
1633434381 -41.33767 115.19653 -3.89341 -0.00626 0.01315 0.17615 0.98426
1633434381 -41.29389 115.02067 -3.88276 -0.00628 0.01288 0.16759 0.98575
1633434381 -41.25254 114.84510 -3.87219 -0.00631 0.01262 0.15923 0.98714
1633434381 -41.21377 114.67185 -3.86122 -0.00629 0.01254 0.15111 0.98842
1633434381 -41.17819 114.50616 -3.85025 -0.00616 0.01245 0.14324 0.98959
1633434381 -41.14423 114.33365 -3.83945 -0.00609 0.01240 0.13554 0.99068
1633434381 -41.11450 114.17775 -3.82900 -0.00602 0.01234 0.12823 0.99165
1633434382 -41.07135 113.87678 -3.81041 -0.00618 0.01211 0.11407 0.99338
1633434382 -41.03633 113.58516 -3.79100 -0.00650 0.01219 0.10075 0.99482
1633434382 -41.00751 113.30535 -3.77215 -0.00639 0.01214 0.08833 0.99600
1633434382 -40.98573 113.04106 -3.75183 -0.00639 0.01192 0.07704 0.99694
1633434382 -40.96779 112.77712 -3.73134 -0.00676 0.01178 0.06694 0.99766
1633434383 -40.95013 112.51612 -3.71221 -0.00707 0.01171 0.05780 0.99823
1633434383 -40.93698 112.26827 -3.69280 -0.00713 0.01176 0.04890 0.99871
1633434383 -40.93003 112.00473 -3.67208 -0.00741 0.01145 0.04139 0.99905
1633434383 -40.92384 111.60732 -3.64379 -0.00746 0.01142 0.03067 0.99944
1633434384 -40.91576 111.24141 -3.61372 -0.00765 0.01146 0.02178 0.99967
1633434384 -40.91492 110.83673 -3.58284 -0.00793 0.01144 0.01400 0.99981
1633434384 -40.92096 110.27998 -3.54160 -0.00833 0.01093 0.00614 0.99989
1633434385 -40.91448 109.57389 -3.49029 -0.00872 0.01088 0.00122 0.99990
1633434386 -40.86118 108.28289 -3.40077 -0.00931 0.01080 0.00510 0.99989
1633434386 -40.81141 107.65024 -3.35919 -0.00941 0.01111 0.01206 0.99982
1633434387 -40.73663 107.02907 -3.31860 -0.00900 0.01207 0.01872 0.99971
1633434387 -40.65113 105.73485 -3.23080 -0.00828 0.01198 0.01080 0.99984
1633434388 -40.64543 105.27884 -3.19740 -0.00813 0.01206 0.00162 0.99989
1633434388 -40.64134 104.81226 -3.16738 -0.00922 0.01146 -0.00869 0.99985
1633434388 -40.63724 104.33156 -3.13579 -0.00882 0.01082 -0.01650 0.99977
1633434389 -40.61903 103.30950 -3.07005 -0.00884 0.01118 -0.01886 0.99972
1633434389 -40.55416 102.22567 -3.00250 -0.00860 0.01096 -0.01321 0.99982
1633434390 -40.47379 100.86214 -2.92001 -0.00789 0.01242 -0.01813 0.99973
1633434390 -40.45433 100.24146 -2.88271 -0.00883 0.01157 -0.02752 0.99952
1633434391 -40.44877 99.80145 -2.85671 -0.00835 0.01141 -0.03499 0.99929
1633434391 -40.47680 99.39850 -2.83031 -0.00831 0.01148 -0.04371 0.99894
1633434391 -40.50817 98.95875 -2.80202 -0.00904 0.01081 -0.05085 0.99861
1633434391 -40.55205 98.23011 -2.76093 -0.00837 0.01085 -0.05927 0.99815
1633434392 -40.60068 97.43948 -2.71798 -0.00824 0.01092 -0.06767 0.99761
1633434392 -40.66222 96.61933 -2.67527 -0.00829 0.01052 -0.07629 0.99700
1633434392 -40.73622 95.75710 -2.63047 -0.00797 0.00992 -0.08481 0.99632
1633434393 -40.83612 94.87548 -2.58523 -0.00853 0.01016 -0.09324 0.99556
1633434393 -40.99150 93.59158 -2.52198 -0.00806 0.01024 -0.10260 0.99464
1633434393 -41.16422 92.24219 -2.45950 -0.00841 0.01038 -0.10839 0.99402
1633434394 -41.39642 90.48794 -2.37710 -0.00891 0.01012 -0.11156 0.99367
1633434394 -41.66840 88.29007 -2.27276 -0.01021 0.00810 -0.10844 0.99402
1633434395 -41.78645 87.14863 -2.21968 -0.00996 0.00721 -0.10016 0.99490
1633434395 -41.88383 86.01154 -2.16876 -0.00911 0.00770 -0.08905 0.99596
1633434395 -41.95146 84.83895 -2.11943 -0.00808 0.00790 -0.07493 0.99712
1633434396 -41.98538 84.05123 -2.08857 -0.00659 0.00794 -0.06457 0.99786
1633434396 -42.00482 83.27355 -2.05789 -0.00580 0.00759 -0.05299 0.99855
1633434396 -41.99957 82.46948 -2.02802 -0.00522 0.00745 -0.04055 0.99914
1633434396 -41.97684 81.68308 -1.99927 -0.00444 0.00787 -0.02720 0.99959
1633434396 -41.93123 80.88638 -1.97090 -0.00395 0.00831 -0.01340 0.99987
1633434397 -41.86954 80.09232 -1.94301 -0.00296 0.00792 0.00043 0.99996
1633434397 -41.78256 79.28807 -1.91673 -0.00148 0.00797 0.01418 0.99987
1633434397 -41.68227 78.50628 -1.88999 -0.00051 0.00691 0.02820 0.99958
1633434397 -41.55435 77.73458 -1.86328 0.00003 0.00693 0.04218 0.99909
1633434397 -41.41038 76.98809 -1.83953 0.00099 0.00704 0.05580 0.99842
1633434398 -41.24936 76.25895 -1.81628 0.00191 0.00695 0.06960 0.99755
1633434398 -41.07486 75.54773 -1.79628 0.00298 0.00628 0.08373 0.99646
1633434398 -40.88752 74.84896 -1.77684 0.00384 0.00519 0.09747 0.99522
1633434398 -40.68429 74.17235 -1.75633 0.00459 0.00351 0.11197 0.99370
1633434398 -40.47017 73.54026 -1.73947 0.00551 0.00335 0.12722 0.99185
1633434399 -40.26324 72.95453 -1.71902 0.00613 0.00373 0.14040 0.99007
1633434399 -40.05934 72.40847 -1.69766 0.00590 0.00378 0.15016 0.98864
1633434399 -39.86035 71.90455 -1.68024 0.00547 0.00202 0.15998 0.98710
1633434399 -39.65979 71.41925 -1.66372 0.00566 -0.00005 0.16828 0.98572
1633434399 -39.35730 70.70162 -1.64103 0.00590 -0.00199 0.18045 0.98356
1633434400 -39.04598 70.00940 -1.61918 0.00530 -0.00107 0.19237 0.98131
1633434400 -38.73146 69.35186 -1.60010 0.00467 -0.00015 0.20371 0.97902
1633434400 -38.40621 68.70251 -1.58154 0.00277 -0.00202 0.21411 0.97680
1633434401 -38.16763 68.26054 -1.56763 0.00150 -0.00417 0.22132 0.97519
1633434401 -37.90676 67.80652 -1.55226 0.00260 -0.00498 0.22880 0.97346
1633434401 -37.47953 67.06265 -1.52957 0.00226 -0.00457 0.23980 0.97081
1633434401 -36.99480 66.26822 -1.50784 0.00125 -0.00465 0.25126 0.96791
1633434402 -36.64160 65.77865 -1.49130 0.00171 -0.00439 0.25874 0.96594
1633434402 -36.06758 64.92209 -1.46821 0.00134 -0.00440 0.26986 0.96289
1633434402 -35.44548 64.07626 -1.44375 0.00123 -0.00464 0.28044 0.95986
1633434402 -34.77766 63.20855 -1.42192 0.00178 -0.00511 0.29021 0.95695
1633434403 -34.07050 62.31045 -1.39413 0.00191 -0.00629 0.29900 0.95423
1633434403 -33.06681 61.01487 -1.36795 0.00301 -0.00718 0.30971 0.95080
1633434404 -32.01112 59.68871 -1.34140 0.00459 -0.00617 0.31885 0.94777
1633434404 -30.93956 58.40329 -1.31359 0.00425 -0.00591 0.32629 0.94524
1633434404 -29.86901 57.13748 -1.28984 0.00362 -0.00593 0.33274 0.94299
1633434405 -28.26414 55.25797 -1.24832 0.00235 -0.00578 0.33908 0.94074
1633434405 -26.86780 53.66152 -1.21761 0.00070 -0.00698 0.34080 0.94011
1633434406 -25.03094 51.57308 -1.18176 0.00157 -0.00551 0.33917 0.94071
1633434407 -23.38137 49.67387 -1.14071 0.00040 -0.00561 0.33403 0.94254
1633434407 -22.32743 48.51605 -1.12259 -0.00187 -0.00583 0.32848 0.94449
1633434407 -20.92926 46.89544 -1.07976 -0.00177 -0.00618 0.32166 0.94683
1633434408 -19.53746 45.24891 -1.03607 0.00014 -0.00744 0.31514 0.94902
1633434408 -18.43862 43.98528 -0.99213 -0.00181 -0.00705 0.31016 0.95066
1633434408 -17.40636 42.75245 -0.95857 -0.00148 -0.00614 0.30448 0.95250
1633434409 -16.38438 41.47989 -0.91918 -0.00168 -0.00561 0.29872 0.95432
1633434409 -15.43633 40.21905 -0.89138 -0.00012 -0.00750 0.29275 0.95616
1633434409 -14.51041 38.94462 -0.86012 -0.00009 -0.00799 0.28593 0.95822
1633434409 -13.59786 37.66055 -0.83812 0.00112 -0.00946 0.27982 0.96001
1633434410 -12.42575 35.97368 -0.80589 0.00249 -0.00752 0.27124 0.96248
1633434410 -11.29626 34.30760 -0.78332 0.00357 -0.00686 0.26342 0.96465
1633434411 -10.48619 33.09449 -0.76375 0.00383 -0.00655 0.25744 0.96626
1633434411 -9.54891 31.61506 -0.74150 0.00392 -0.00668 0.25092 0.96798
1633434411 -8.68677 30.21363 -0.72591 0.00373 -0.00738 0.24469 0.96957
1633434412 -7.77430 28.61077 -0.70128 0.00290 -0.00818 0.23698 0.97148
1633434412 -6.96531 27.09933 -0.68103 0.00310 -0.00813 0.22990 0.97318
1633434413 -6.21630 25.63977 -0.65529 0.00299 -0.00798 0.22184 0.97505
1633434413 -5.62792 24.48565 -0.64025 0.00267 -0.00868 0.21481 0.97661
1633434414 -4.91027 23.05625 -0.60705 0.00231 -0.00846 0.20582 0.97855
1633434414 -4.25318 21.67404 -0.57233 0.00196 -0.00913 0.19607 0.98055
1633434415 -3.75895 20.58592 -0.53422 0.00132 -0.00914 0.18803 0.98212
1633434415 -3.29005 19.51188 -0.49590 0.00139 -0.00872 0.17970 0.98368
1633434415 -2.78947 18.37765 -0.45862 0.00156 -0.00895 0.17022 0.98536
1633434416 -2.42743 17.53325 -0.44189 0.00136 -0.00860 0.16245 0.98668
1633434416 -2.10741 16.72846 -0.42706 0.00117 -0.00799 0.15456 0.98795
1633434416 -1.84118 15.97867 -0.40716 0.00137 -0.00765 0.14672 0.98915
1633434417 -1.56362 15.17909 -0.38686 0.00019 -0.00816 0.13878 0.99029
1633434417 -1.31035 14.39293 -0.36904 0.00063 -0.00723 0.13003 0.99148
1633434417 -1.06375 13.58502 -0.35478 -0.00059 -0.00688 0.12119 0.99261
1633434418 -0.83320 12.77351 -0.34072 -0.00076 -0.00670 0.11216 0.99367
1633434418 -0.63793 12.00344 -0.32519 -0.00164 -0.00682 0.10420 0.99453
1633434418 -0.46016 11.25215 -0.31096 -0.00176 -0.00608 0.09791 0.99517
1633434419 -0.22136 10.22109 -0.28997 -0.00198 -0.00489 0.09125 0.99581
1633434419 0.00713 9.18632 -0.27122 -0.00183 -0.00418 0.08571 0.99631
1633434419 0.22508 8.15307 -0.25460 -0.00184 -0.00248 0.08123 0.99669
1633434420 0.41800 7.15415 -0.23973 -0.00160 -0.00128 0.07730 0.99701
1633434420 0.61772 6.11137 -0.22570 -0.00127 -0.00031 0.07309 0.99732
1633434421 0.77384 5.13903 -0.21262 -0.00101 0.00124 0.06703 0.99775
1633434421 0.88116 4.38411 -0.20485 -0.00091 0.00225 0.06062 0.99816
1633434421 0.99572 3.55863 -0.19744 -0.00063 0.00340 0.05168 0.99866
1633434421 1.06564 3.00370 -0.19322 -0.00044 0.00406 0.04432 0.99901
1633434422 1.13153 2.42380 -0.18703 -0.00036 0.00458 0.03550 0.99936
1633434422 1.18556 1.84076 -0.18302 -0.00020 0.00493 0.02554 0.99966
1633434422 1.22763 1.24590 -0.17601 0.00001 0.00509 0.01434 0.99988
1633434422 1.26115 0.65084 -0.17010 -0.00006 0.00522 0.00217 0.99998
1633434422 1.28028 0.03746 -0.16595 -0.00012 0.00534 -0.01090 0.99993
1633434423 1.28005 -0.56437 -0.16058 0.00016 0.00561 -0.02445 0.99969
1633434423 1.25790 -1.16504 -0.15456 0.00021 0.00546 -0.03814 0.99926
1633434423 1.23054 -1.74891 -0.15037 0.00018 0.00566 -0.05184 0.99864
1633434423 1.18058 -2.36196 -0.14921 0.00052 0.00594 -0.06569 0.99782
1633434423 1.10100 -2.89312 -0.14867 0.00160 0.00607 -0.08109 0.99669
1633434424 1.01612 -3.38518 -0.13645 0.00171 0.00443 -0.09360 0.99560
1633434424 0.93270 -3.82796 -0.12851 0.00083 0.00307 -0.10279 0.99470
1633434424 0.83175 -4.26812 -0.12582 -0.00006 0.00275 -0.11215 0.99369
1633434424 0.72694 -4.68770 -0.11672 -0.00035 0.00245 -0.11910 0.99288
1633434424 0.58171 -5.30497 -0.10949 -0.00043 0.00240 -0.12736 0.99185
1633434425 0.42775 -5.86683 -0.10215 -0.00057 0.00188 -0.13564 0.99076
1633434425 0.27357 -6.39210 -0.09301 -0.00068 0.00084 -0.14169 0.98991
1633434425 0.07487 -7.03647 -0.08370 -0.00041 0.00025 -0.14760 0.98905
1633434426 -0.15130 -7.75677 -0.07290 -0.00044 -0.00021 -0.15313 0.98821
1633434427 -0.40152 -8.55152 -0.05816 -0.00059 -0.00174 -0.15753 0.98751
1633434427 -0.65076 -9.28270 -0.04565 0.00045 -0.00377 -0.16094 0.98696
1633434428 -0.71584 -9.36326 -0.02711 -0.00101 -0.00355 -0.16012 0.98709
